SAFE output
1	 7.915	 -9.785	 0
2	 10.415	 -7.03404	 0
3	 -5.37031	 8.41506	 0
4	 -21.382	 9.81592	 5.514e-09
5	 -22.7617	 -5.95384	 5.514e-09
6	 1.40029	 -4.00623	 0
7	 25.2909	 -5.73257	 0
8	 23.9112	 10.0372	 0
9	 5.37017	 8.41506	 0
P	 23.68	 9.09	 0
T	 0	 -7.08481	 0
10	 -9.215	 -9.785	 0
11	 3.8	 0.1	 0
12	 -9.215	 -36.74	 0
13	 7.915	 -36.74	 0
14	 -17.7545	 -6.13038	 0
15	 -17.1496	 0.78349	 0
16	 -11.715	 -6.9203	 0
17	 -17.032	 2.12807	 0
18	 -16.4271	 9.04167	 0
19	 -10.4575	 -6.76852	 0
20	 -9.87449	 -0.10424	 0
21	 -14.5815	 0.30757	 0
22	 -9.71756	 1.68935	 0
23	 -9.13017	 8.40325	 0
24	 -6.17987	 5.40945	 0
25	 -9.3677	 5.68835	 0
26	 -6.2656	 2.70664	 0
27	 -15.515	 9.30261	 5.514e-09
28	 13.115	 9.09265	 5.514e-09
29	 -9.60302	 2.99862	 0
30	 10.0811	 -2.59135	 5.513e-09
31	 -4.67571	 4.67636	 0
32	 4.265	 -3.10019	 -3.032e-10
33	 -4.38582	 7.9887	 0
34	 -5.0852	 -0.00244	 0
35	 -4.265	 -0.0025	 0
36	 -4.265	 -7.75994	 0
37	 -1.425	 -7.75994	 0
38	 -1.425	 -5.13244	 0
39	 -4.265	 -5.13244	 0
40	 -1.425	 -2.66744	 0
41	 -4.265	 -2.66744	 0
42	 4.265	 -0.00243	 0
43	 -9.215	 -16.085	 8.544e-10
44	 7.91494	 -16.085	 0
45	 -9.215	 2.71	 0
46	 1.375	 -0.00243	 0
47	 1.375	 -2.66744	 0
48	 4.265	 -2.66743	 0
49	 4.265	 -5.33244	 0
50	 1.375	 -5.33244	 0
51	 4.265	 -0.16288	 0
52	 8.32653	 -0.03436	 0
53	 9.98332	 -0.04014	 1.103e-08
54	 9.40229	 6.60114	 0
55	 -1.39971	 -6.00734	 0
56	 23.9973	 2.99277	 0
57	 23.7141	 6.23003	 0
58	 24.348	 -1.01582	 0
59	 24.1368	 1.39886	 0
60	 24.7416	 -5.51473	 0
61	 24.5746	 -3.60592	 0
62	 -7.89986	 -7.75994	 0
63	 1.37474	 -7.82243	 0
64	 5.64973	 -7.82241	 0
65	 0.75	 -17.9528	 0
66	 7.69	 -17.9528	 0
67	 0.66232	 -20.6776	 0
68	 4.74974	 -20.6776	 0
69	 -4.45	 -36.0775	 0
70	 -0.8	 -36.0774	 0
71	 0.75	 -36.0774	 0
72	 4.4	 -36.0774	 0
73	 1.40029	 -1.32875	 0
74	 -1.425	 -0.0025	 0
75	 6.26675	 8.4935	 0
76	 4.29029	 -1.32875	 0
77	 4.27029	 -4.00625	 0
78	 -9.225	 -9.785	 0
79	 22.3287	 2.84678	 0
80	 4.29029	 -6.59004	 0
81	 1.40029	 -6.59004	 0
82	 -18.6923	 9.58059	 0
83	 -7.58007	 -36.74	 0
84	 -9.225	 -6.9203	 0
85	 -7.58008	 -16.085	 0
86	 -7.58008	 -10.785	 0
87	 -7.58008	 -7.83507	 0
88	 -22.0165	 2.56416	 0
89	 -16.3975	 9.37983	 0
90	 12.5997	 -35.9774	 0
91	 -4.34852	 8.41506	 0
92	 -4.84781	 2.71	 0
93	 -5.08411	 0.00999	 0
94	 12.6	 -31.0275	 0
95	 1.40029	 -7.83507	 0
96	 -9.21549	 -7.83507	 0
97	 1.40029	 -10.785	 0
98	 4.29029	 -7.83507	 0
99	 9.25986	 8.75536	 0
100	 10.6395	 -7.0144	 0
101	 4.265	 -3.13744	 0
102	 10.2545	 -2.61343	 0
103	 7.915	 -2.81811	 0
104	 7.915	 2.71	 0
105	 7.915	 -10.785	 0
106	 -9.215	 -10.785	 0
107	 9.91615	 1.25402	 0
108	 4.29029	 0.00999	 0
109	 24.9058	 -1.3316	 0
110	 4.29029	 -3.13523	 0
111	 7.91494	 -17.735	 0
112	 -9.225	 6.7	 0
113	 7.915	 6.7	 0
114	 24.5675	 2.53585	 0
115	 12.6	 -22.8274	 1.304e-09
116	 -9.215	 -6.9203	 0
117	 12.6	 -18.0975	 0
118	 12.6	 -11.7972	 0
119	 -9.215	 -17.735	 0
120	 4.29029	 -9.785	 0
121	 -9.215	 1.44417	 0
122	 4.29029	 0.76182	 0
123	 7.915	 1.07894	 0
124	 -17.7772	 -6.38993	 0
125	 -9.21589	 1.36	 0
126	 7.09	 -33.7774	 0
127	 -9.21679	 0.00999	 0
128	 7.915	 1.36	 0
129	 -4.265	 -2.08481	 0
130	 19.0051	 -11.7312	 0
131	 1.40029	 -2.08481	 0
132	 7.09	 -20.6776	 0
133	 -9.215	 8.75143	 0
134	 7.915	 8.6377	 0
135	 10.2513	 -2.57689	 0
136	 6.655	 -0.0872504	 0
137	 27.2001	 -11.4231	 0
138	 2.82	 -5.33244	 0
139	 2.82	 -0.00243	 0
140	 -12.6024	 -6.84266	 0
141	 -11.2227	 8.92709	 0
142	 -9.215	 0.00999	 0
143	 -9.21525	 -6.00734	 0
144	 -4.265	 -6.00734	 0
145	 -14.8902	 -11.2374	 0
146	 1.40029	 -6.00734	 0
147	 4.29029	 -6.00734	 0
148	 -20.0719	 -6.18917	 0
149	 -1.40971	 -2.08481	 0
150	 -14.8902	 -18.4475	 0
151	 -14.9707	 9.25499	 0
152	 -16.3504	 -6.51476	 0
153	 7.915	 -6.00734	 0
154	 -4.265	 -7.83507	 0
155	 7.915	 -0.04014	 0
156	 -14.8902	 -22.3775	 0
157	 -10.6017	 -7.0177	 0
158	 -1.39971	 -2.08481	 0
159	 -8.98527	 -7.15912	 0
160	 -14.8902	 -31.7776	 0
161	 -14.8904	 -35.7275	 0
162	 -22.3009	 -10.7874	 0
166	 15.4027	 -6.59767	 0
167	 14.023	 9.17208	 0
170	 -9.215	 -16.91	 0
171	 7.91494	 -16.91	 0
180	 21.4705	 9.82366	 0
181	 22.8502	 -5.9461	 0
182	 16.7137	 9.40749	 0
183	 18.0934	 -6.36227	 0
190	 11.3323	 8.93668	 0
191	 12.712	 -6.83308	 0
196	 4.29029	 -2.08481	 0
200	 13.8133	 9.15374	 0
201	 15.193	 -6.61602	 0
204	 10.4979	 -4.386	 0
206	 10.7638	 -7.42439	 0
207	 9.34753	 8.76303	 0
208	 10.7272	 -7.00672	 0
209	 7.69514	 -7.272	 0
218	 -5.025	 8.41506	 0
223	 -5.12	 8.41506	 0
224	 -5.12	 -36.74	 0
225	 5.12	 8.41506	 0
226	 5.12	 -36.74	 0
227	 -6.1e-06	 8.41506	 0
228	 -6.1e-06	 -36.74	 0
235	 24.3915	 4.54686	 0
236	 7.86172	 3.10069	 0
240	 7.74069	 0.476466	 0
241	 7.74069	 -4.75849	 0
242	 0	 -7.815	 0
243	 -2.26001	 8.41506	 0
244	 -2.26001	 -36.74	 0
245	 2.24999	 8.41506	 0
246	 2.24999	 -36.74	 0
250	 5.115	 -7.83507	 0
251	 5.025	 8.41506	 0
253	 6.86129	 0.39952	 0
255	 5.025	 2.71	 0
256	 5.025	 0.00999	 0
257	 -5.025	 2.71	 0
259	 -5.025	 0.00999	 0
261	 7.915	 -33.5898	 0
262	 -9.215	 -33.5898	 0
263	 7.915	 -27.2949	 0
264	 -9.215	 -27.2949	 0
265	 7.915	 -21	 0
266	 -9.215	 -21	 0
267	 7.915	 -14.6848	 0
268	 -9.215	 -14.6848	 0
271	 7.915	 -2.08481	 0
272	 -9.215	 -2.08481	 0
273	 7.915	 4.215	 0
274	 -9.215	 4.215	 0
275	 -21.6348	 6.92695	 0
278	 -9.215	 5.84036	 0
279	 -22.5438	 -3.46335	 0
280	 -9.215	 -4.62881	 0
281	 -9.215	 -7.13902	 0
282	 0.000259781	 -10.785	 0
283	 0.000205488	 -16.085	 0
285	 5.115	 -16.085	 0
287	 -6.75325	 0.00999	 0
288	 -6.75	 -7.81	 0
291	 0	 0	 0
292	 -2.845	 -0.005	 0
293	 7.915	 -24.1474	 0
294	 -9.215	 -24.1474	 0
295	 -2.845	 -7.805	 0
298	 2.84529	 -5.34501	 0
299	 7.915	 -30.4424	 0
300	 -9.215	 -30.4424	 0
301	 2.84529	 -7.83507	 0
303	 6.10264	 0.00999	 0
304	 6.10264	 -7.83507	 0
305	 -9.215	 -1.00381	 0
306	 -22.2291	 0.13411	 0
309	 -9.215	 -2.62881	 0
310	 -22.3702	 -1.47854	 0
311	 -9.215	 0.62119	 0
312	 -22.088	 1.74677	 0
313	 -9.215	 2.24619	 0
314	 -21.9468	 3.36007	 0
317	 -9.04069	 -4.64472	 0
319	 -9.215	 7.85143	 0
320	 -21.4602	 8.92274	 0
321	 7.915	 -4.74322	 0
322	 25.073	 -3.24211	 0
323	 7.915	 0.49171	 0
324	 24.6185	 1.95308	 0
325	 7.915	 5.72663	 0
326	 24.1639	 7.14823	 0
327	 7.915	 -7.25276	 0
328	 6.31961	 -2.8828	 0
332	 6.86129	 2.39952	 0
333	 -5.215	 -16.085	 0
335	 -5.215	 -36.74	 0
336	 7.915	 2.49171	 0
337	 24.4448	 3.93787	 0
338	 7.915	 -2.74322	 0
339	 24.8993	 -1.25727	 0
342	 -5.215	 -10.785	 0
343	 0	 2.71	 0
344	 -5.215	 -7.75994	 0
345	 -9.04069	 5.82511	 0
347	 -1.5125	 2.71	 0
348	 -1.5125	 8.41506	 0
349	 1.5125	 2.71	 0
350	 1.5125	 8.41506	 0
352	 9.48853	 -7.1151	 0
353	 8.10883	 8.65466	 0
355	 -1.39971	 -2.66749	 0
356	 -9.07479	 -1.02619	 0
357	 7.915	 -31.5898	 0
358	 -9.215	 -31.5898	 0
359	 7.915	 -25.2949	 0
360	 1.40029	 -2.66749	 0
361	 -9.215	 -25.2949	 0
362	 7.915	 -19	 0
363	 -9.215	 -19	 0
364	 7.915	 -8.38481	 0
365	 -9.215	 -8.38481	 0
366	 -9.07473	 2.2049	 0
370	 -8.12	 2.71	 0
372	 7.915	 -10.8098	 0
373	 -9.215	 -10.8098	 0
375	 -8.12	 8.65563	 0
378	 7.915	 -5.95981	 0
379	 -9.215	 -5.95981	 0
382	 7.915	 1.06519	 0
383	 -9.215	 1.06519	 0
384	 7.915	 6.215	 0
385	 -9.215	 6.215	 0
391	 -1.39971	 0.00999	 0
393	 1.40029	 0.00999	 0
394	 -4.28971	 -7.83507	 0
395	 -4.28971	 0.00999	 0
396	 -1.39971	 -7.83507	 0
398	 4.29029	 -5.34501	 0
399	 1.40029	 -5.34501	 0
433	 2.55764	 -10.785	 0
444	 2.55764	 -7.83507	 0
445	 2.55765	 -16.085	 0
447	 2.55765	 -36.74	 0
449	 5.115	 -10.785	 0
CA01	 23.4665	 9.0596	 0
CA03	 21.2911	 8.96966	 0
CA06	 22.5226	 -5.10602	 0
CA07	 16.9576	 8.59053	 0
CA10	 18.2474	 -5.40124	 0
CA11	 13.6204	 8.29856	 0
CA14	 14.8519	 -5.77712	 0
CA15	 10.5271	 -6.25585	 0
CA16	 9.47188	 8.09928	 0
CA17	 21.8001	 3.15187	 0
CA18	 17.4666	 2.77275	 0
CA19	 14.1294	 2.48078	 0
CA20	 15.3304	 2.23451	 0
CB01	 -7.14	 -35.9275	 0
CB02	 7.09	 -35.9275	 0
CB03	 -7.22001	 -31.4274	 0
CB04	 -1.3	 -31.3275	 0
CB05	 1.25	 -31.3275	 0
CB06	 7.195	 -31.3274	 0
CB07	 -7.24001	 -22.5474	 0
CB08	 -1.3	 -22.5475	 0
CB09	 1.25	 -22.5475	 0
CB10	 7.09	 -22.5475	 0
CB11	 -7.14	 -17.9778	 0
CB12	 -1.4	 -17.9778	 0
CB13	 -7.04	 -14.3525	 0
CB14	 -1.2	 -14.3525	 0
CB15	 1.15	 -14.3525	 0
CB16	 7.09	 -14.3525	 0
CB17	 -7.04	 -11.6224	 0
CB18	 -1.2	 -11.6224	 0
CB19	 1.15	 -11.6224	 0
CB20	 7.09	 -11.6224	 0
CC01	 -20.6798	 8.9118	 0
CC02	 -21.1975	 2.99412	 0
CC03	 -21.4023	 0.65335	 0
CC04	 -21.92	 -5.26405	 0
CC05	 -13.3827	 8.27339	 0
CC06	 -13.9004	 2.35573	 0
CC08	 -14.6229	 -5.90273	 0
CD02	 3.865	 7.67262	 0
CD04	 4.09	 0.74759	 0
S120	 0	 -2.08481	 -34.5
CCE11	 12.1698	 -6.88051	 0
CCE12	 7.91495	 -18.0975	 0
CCE13	 7.91496	 -22.8274	 0
CCE14	 7.91498	 -31.0275	 0
CCE15	 7.915	 -35.9774	 0
CCE16	 18.532	 -6.32389	 0
CCE17	 24.1293	 -5.83419	 0
CCE05A	 -21.8847	 -6.03057	 0
CCE06A	 -14.4913	 -6.67741	 0
CCE07A	 -9.215	 -18.4475	 0
CCE08A	 -9.215	 -22.3775	 0
CCE09A	 -9.215	 -31.7776	 0
CCE10A	 -9.215	 -35.7275	 0
B2BP01-1	 -18.9451	 6.69163	 0
B2BP01-2	 -18.9451	 6.69163	 -0.5
B2BP01-3	 -18.9451	 6.69163	 -1.5
B2BP01-4	 -18.9451	 6.69163	 -2.5
B2BP01-5	 -18.9451	 6.69163	 -3.5
B2BP01-6	 -18.9451	 6.69163	 -4.5
B2BP01-7	 -18.9451	 6.69163	 -5.5
B2BP01-8	 -18.9451	 6.69163	 -6.5
B2BP01-9	 -18.9451	 6.69163	 -7.5
B2BP02-1	 -19.854	 -3.69802	 0
B2BP02-2	 -19.854	 -3.69802	 -0.5
B2BP02-3	 -19.854	 -3.69802	 -1.5
B2BP02-4	 -19.854	 -3.69802	 -2.5
B2BP02-5	 -19.854	 -3.69802	 -3.5
B2BP02-6	 -19.854	 -3.69802	 -4.5
B2BP02-7	 -19.854	 -3.69802	 -5.5
B2BP02-8	 -19.854	 -3.69802	 -6.5
B2BP02-9	 -19.854	 -3.69802	 -7.5
B2BP03-1	 -11.9717	 6.08154	 0
B2BP03-2	 -11.9717	 6.08154	 -0.5
B2BP03-3	 -11.9717	 6.08154	 -1.5
B2BP03-4	 -11.9717	 6.08154	 -2.5
B2BP03-5	 -11.9717	 6.08154	 -3.5
B2BP03-6	 -11.9717	 6.08154	 -4.5
B2BP03-7	 -11.9717	 6.08154	 -5.5
B2BP03-8	 -11.9717	 6.08154	 -6.5
B2BP03-9	 -11.9717	 6.08154	 -7.5
B2BP04-1	 -11.8845	 -4.39592	 0
B2BP04-2	 -11.8845	 -4.39592	 -0.5
B2BP04-3	 -11.8845	 -4.39592	 -1.5
B2BP04-4	 -11.8845	 -4.39592	 -2.5
B2BP04-5	 -11.8845	 -4.39592	 -3.5
B2BP04-6	 -11.8845	 -4.39592	 -4.5
B2BP04-7	 -11.8845	 -4.39592	 -5.5
B2BP04-8	 -11.8845	 -4.39592	 -6.5
B2BP04-9	 -11.8845	 -4.39592	 -7.5
B2BP05-1	 -5.025	 4.215	 0
B2BP05-2	 -5.025	 4.215	 -0.5
B2BP05-3	 -5.025	 4.215	 -1.5
B2BP05-4	 -5.025	 4.215	 -2.5
B2BP05-5	 -5.025	 4.215	 -3.5
B2BP05-6	 -5.025	 4.215	 -4.5
B2BP05-7	 -5.025	 4.215	 -5.5
B2BP05-8	 -5.025	 4.215	 -6.5
B2BP05-9	 -5.025	 4.215	 -7.5
B2BP06-1	 0	 -2.08481	 0
B2BP06-2	 0	 -2.08481	 -0.5
B2BP06-3	 0	 -2.08481	 -1.5
B2BP06-4	 0	 -2.08481	 -2.5
B2BP06-5	 0	 -2.08481	 -3.5
B2BP06-6	 0	 -2.08481	 -4.5
B2BP06-7	 0	 -2.08481	 -5.5
B2BP06-8	 0	 -2.08481	 -6.5
B2BP06-9	 0	 -2.08481	 -7.5
B2BP07-1	 5.025	 4.215	 0
B2BP07-2	 5.025	 4.215	 -0.5
B2BP07-3	 5.025	 4.215	 -1.5
B2BP07-4	 5.025	 4.215	 -2.5
B2BP07-5	 5.025	 4.215	 -3.5
B2BP07-6	 5.025	 4.215	 -4.5
B2BP07-7	 5.025	 4.215	 -5.5
B2BP07-8	 5.025	 4.215	 -6.5
B2BP07-9	 5.025	 4.215	 -7.5
B2BP08-1	 12.0851	 6.09146	 0
B2BP08-2	 12.0851	 6.09146	 -0.5
B2BP08-3	 12.0851	 6.09146	 -1.5
B2BP08-4	 12.0851	 6.09146	 -2.5
B2BP08-5	 12.0851	 6.09146	 -3.5
B2BP08-6	 12.0851	 6.09146	 -4.5
B2BP08-7	 12.0851	 6.09146	 -5.5
B2BP08-8	 12.0851	 6.09146	 -6.5
B2BP08-9	 12.0851	 6.09146	 -7.5
B2BP09-1	 11.9979	 -4.386	 0
B2BP09-2	 11.9979	 -4.386	 -0.5
B2BP09-3	 11.9979	 -4.386	 -1.5
B2BP09-4	 11.9979	 -4.386	 -2.5
B2BP09-5	 11.9979	 -4.386	 -3.5
B2BP09-6	 11.9979	 -4.386	 -4.5
B2BP09-7	 11.9979	 -4.386	 -5.5
B2BP09-8	 11.9979	 -4.386	 -6.5
B2BP09-9	 11.9979	 -4.386	 -7.5
B2BP10-1	 17.4209	 1.32337	 0
B2BP10-2	 17.4209	 1.32337	 -0.5
B2BP10-3	 17.4209	 1.32337	 -1.5
B2BP10-4	 17.4209	 1.32337	 -2.5
B2BP10-5	 17.4209	 1.32337	 -3.5
B2BP10-6	 17.4209	 1.32337	 -4.5
B2BP10-7	 17.4209	 1.32337	 -5.5
B2BP10-8	 17.4209	 1.32337	 -6.5
B2BP10-9	 17.4209	 1.32337	 -7.5
B2BP11-1	 21.7233	 6.9347	 0
B2BP11-2	 21.7233	 6.9347	 -0.5
B2BP11-3	 21.7233	 6.9347	 -1.5
B2BP11-4	 21.7233	 6.9347	 -2.5
B2BP11-5	 21.7233	 6.9347	 -3.5
B2BP11-6	 21.7233	 6.9347	 -4.5
B2BP11-7	 21.7233	 6.9347	 -5.5
B2BP11-8	 21.7233	 6.9347	 -6.5
B2BP11-9	 21.7233	 6.9347	 -7.5
B2BP12-1	 22.6323	 -3.45562	 0
B2BP12-2	 22.6323	 -3.45562	 -0.5
B2BP12-3	 22.6323	 -3.45562	 -1.5
B2BP12-4	 22.6323	 -3.45562	 -2.5
B2BP12-5	 22.6323	 -3.45562	 -3.5
B2BP12-6	 22.6323	 -3.45562	 -4.5
B2BP12-7	 22.6323	 -3.45562	 -5.5
B2BP12-8	 22.6323	 -3.45562	 -6.5
B2BP12-9	 22.6323	 -3.45562	 -7.5
B2BP13-1	 -5.215	 -8.38481	 0
B2BP13-2	 -5.215	 -8.38481	 -0.5
B2BP13-3	 -5.215	 -8.38481	 -1.5
B2BP13-4	 -5.215	 -8.38481	 -2.5
B2BP13-5	 -5.215	 -8.38481	 -3.5
B2BP13-6	 -5.215	 -8.38481	 -4.5
B2BP13-7	 -5.215	 -8.38481	 -5.5
B2BP13-8	 -5.215	 -8.38481	 -6.5
B2BP13-9	 -5.215	 -8.38481	 -7.5
B2BP14-1	 5.01499	 -8.38481	 0
B2BP14-2	 5.01499	 -8.38481	 -0.5
B2BP14-3	 5.01499	 -8.38481	 -1.5
B2BP14-4	 5.01499	 -8.38481	 -2.5
B2BP14-5	 5.01499	 -8.38481	 -3.5
B2BP14-6	 5.01499	 -8.38481	 -4.5
B2BP14-7	 5.01499	 -8.38481	 -5.5
B2BP14-8	 5.01499	 -8.38481	 -6.5
B2BP14-9	 5.01499	 -8.38481	 -7.5
B2BP15-1	 -8.5e-06	 -14.6848	 0
B2BP15-2	 -8.5e-06	 -14.6848	 -0.5
B2BP15-3	 -8.5e-06	 -14.6848	 -1.5
B2BP15-4	 -8.5e-06	 -14.6848	 -2.5
B2BP15-5	 -8.5e-06	 -14.6848	 -3.5
B2BP15-6	 -8.5e-06	 -14.6848	 -4.5
B2BP15-7	 -8.5e-06	 -14.6848	 -5.5
B2BP15-8	 -8.5e-06	 -14.6848	 -6.5
B2BP15-9	 -8.5e-06	 -14.6848	 -7.5
B2BP16-1	 -5.215	 -21	 0
B2BP16-2	 -5.215	 -21	 -0.5
B2BP16-3	 -5.215	 -21	 -1.5
B2BP16-4	 -5.215	 -21	 -2.5
B2BP16-5	 -5.215	 -21	 -3.5
B2BP16-6	 -5.215	 -21	 -4.5
B2BP16-7	 -5.215	 -21	 -5.5
B2BP16-8	 -5.215	 -21	 -6.5
B2BP16-9	 -5.215	 -21	 -7.5
B2BP17-1	 5.215	 -21.0044	 0
B2BP17-2	 5.215	 -21.0044	 -0.5
B2BP17-3	 5.215	 -21.0044	 -1.5
B2BP17-4	 5.215	 -21.0044	 -2.5
B2BP17-5	 5.215	 -21.0044	 -3.5
B2BP17-6	 5.215	 -21.0044	 -4.5
B2BP17-7	 5.215	 -21.0044	 -5.5
B2BP17-8	 5.215	 -21.0044	 -6.5
B2BP17-9	 5.215	 -21.0044	 -7.5
B2BP18-1	 -6.1e-06	 -27.2949	 0
B2BP18-2	 -6.1e-06	 -27.2949	 -0.5
B2BP18-3	 -6.1e-06	 -27.2949	 -1.5
B2BP18-4	 -6.1e-06	 -27.2949	 -2.5
B2BP18-5	 -6.1e-06	 -27.2949	 -3.5
B2BP18-6	 -6.1e-06	 -27.2949	 -4.5
B2BP18-7	 -6.1e-06	 -27.2949	 -5.5
B2BP18-8	 -6.1e-06	 -27.2949	 -6.5
B2BP18-9	 -6.1e-06	 -27.2949	 -7.5
B2BP19-1	 -5.215	 -33.5898	 0
B2BP19-2	 -5.215	 -33.5898	 -0.5
B2BP19-3	 -5.215	 -33.5898	 -1.5
B2BP19-4	 -5.215	 -33.5898	 -2.5
B2BP19-5	 -5.215	 -33.5898	 -3.5
B2BP19-6	 -5.215	 -33.5898	 -4.5
B2BP19-7	 -5.215	 -33.5898	 -5.5
B2BP19-8	 -5.215	 -33.5898	 -6.5
B2BP19-9	 -5.215	 -33.5898	 -7.5
B2BP20-1	 5.21501	 -33.5898	 0
B2BP20-2	 5.21501	 -33.5898	 -0.5
B2BP20-3	 5.21501	 -33.5898	 -1.5
B2BP20-4	 5.21501	 -33.5898	 -2.5
B2BP20-5	 5.21501	 -33.5898	 -3.5
B2BP20-6	 5.21501	 -33.5898	 -4.5
B2BP20-7	 5.21501	 -33.5898	 -5.5
B2BP20-8	 5.21501	 -33.5898	 -6.5
B2BP20-9	 5.21501	 -33.5898	 -7.5
B2BP01-10	 -18.9451	 6.69163	 -8.5
B2BP01-11	 -18.9451	 6.69163	 -9.5
B2BP01-12	 -18.9451	 6.69163	 -10.5
B2BP01-13	 -18.9451	 6.69163	 -11.5
B2BP01-14	 -18.9451	 6.69163	 -12.5
B2BP01-15	 -18.9451	 6.69163	 -13.5
B2BP01-16	 -18.9451	 6.69163	 -14.5
B2BP01-17	 -18.9451	 6.69163	 -15.5
B2BP01-18	 -18.9451	 6.69163	 -16.5
B2BP01-19	 -18.9451	 6.69163	 -17.5
B2BP01-20	 -18.9451	 6.69163	 -18.5
B2BP01-21	 -18.9451	 6.69163	 -19.5
B2BP01-22	 -18.9451	 6.69163	 -20.5
B2BP01-23	 -18.9451	 6.69163	 -21.5
B2BP01-24	 -18.9451	 6.69163	 -22.5
B2BP01-25	 -18.9451	 6.69163	 -23.5
B2BP01-26	 -18.9451	 6.69163	 -24.5
B2BP01-27	 -18.9451	 6.69163	 -25.5
B2BP01-28	 -18.9451	 6.69163	 -26.5
B2BP01-29	 -18.9451	 6.69163	 -27.5
B2BP01-30	 -18.9451	 6.69163	 -28.5
B2BP01-31	 -18.9451	 6.69163	 -29.5
B2BP01-32	 -18.9451	 6.69163	 -30.5
B2BP01-33	 -18.9451	 6.69163	 -31.5
B2BP01-34	 -18.9451	 6.69163	 -32.5
B2BP01-35	 -18.9451	 6.69163	 -33.5
B2BP01-36	 -18.9451	 6.69163	 -34.5
B2BP01-37	 -18.9451	 6.69163	 -35.5
B2BP01-38	 -18.9451	 6.69163	 -36.5
B2BP02-10	 -19.854	 -3.69802	 -8.5
B2BP02-11	 -19.854	 -3.69802	 -9.5
B2BP02-12	 -19.854	 -3.69802	 -10.5
B2BP02-13	 -19.854	 -3.69802	 -11.5
B2BP02-14	 -19.854	 -3.69802	 -12.5
B2BP02-15	 -19.854	 -3.69802	 -13.5
B2BP02-16	 -19.854	 -3.69802	 -14.5
B2BP02-17	 -19.854	 -3.69802	 -15.5
B2BP02-18	 -19.854	 -3.69802	 -16.5
B2BP02-19	 -19.854	 -3.69802	 -17.5
B2BP02-20	 -19.854	 -3.69802	 -18.5
B2BP02-21	 -19.854	 -3.69802	 -19.5
B2BP02-22	 -19.854	 -3.69802	 -20.5
B2BP02-23	 -19.854	 -3.69802	 -21.5
B2BP02-24	 -19.854	 -3.69802	 -22.5
B2BP02-25	 -19.854	 -3.69802	 -23.5
B2BP02-26	 -19.854	 -3.69802	 -24.5
B2BP02-27	 -19.854	 -3.69802	 -25.5
B2BP02-28	 -19.854	 -3.69802	 -26.5
B2BP02-29	 -19.854	 -3.69802	 -27.5
B2BP02-30	 -19.854	 -3.69802	 -28.5
B2BP02-31	 -19.854	 -3.69802	 -29.5
B2BP02-32	 -19.854	 -3.69802	 -30.5
B2BP02-33	 -19.854	 -3.69802	 -31.5
B2BP02-34	 -19.854	 -3.69802	 -32.5
B2BP02-35	 -19.854	 -3.69802	 -33.5
B2BP02-36	 -19.854	 -3.69802	 -34.5
B2BP02-37	 -19.854	 -3.69802	 -35.5
B2BP02-38	 -19.854	 -3.69802	 -36.5
B2BP02-39	 -19.854	 -3.69802	 -37.5
B2BP02-40	 -19.854	 -3.69802	 -38.5
B2BP03-10	 -11.9717	 6.08154	 -8.5
B2BP03-11	 -11.9717	 6.08154	 -9.5
B2BP03-12	 -11.9717	 6.08154	 -10.5
B2BP03-13	 -11.9717	 6.08154	 -11.5
B2BP03-14	 -11.9717	 6.08154	 -12.5
B2BP03-15	 -11.9717	 6.08154	 -13.5
B2BP03-16	 -11.9717	 6.08154	 -14.5
B2BP03-17	 -11.9717	 6.08154	 -15.5
B2BP03-18	 -11.9717	 6.08154	 -16.5
B2BP03-19	 -11.9717	 6.08154	 -17.5
B2BP03-20	 -11.9717	 6.08154	 -18.5
B2BP03-21	 -11.9717	 6.08154	 -19.5
B2BP03-22	 -11.9717	 6.08154	 -20.5
B2BP03-23	 -11.9717	 6.08154	 -21.5
B2BP03-24	 -11.9717	 6.08154	 -22.5
B2BP03-25	 -11.9717	 6.08154	 -23.5
B2BP03-26	 -11.9717	 6.08154	 -24.5
B2BP03-27	 -11.9717	 6.08154	 -25.5
B2BP03-28	 -11.9717	 6.08154	 -26.5
B2BP03-29	 -11.9717	 6.08154	 -27.5
B2BP03-30	 -11.9717	 6.08154	 -28.5
B2BP03-31	 -11.9717	 6.08154	 -29.5
B2BP03-32	 -11.9717	 6.08154	 -30.5
B2BP03-33	 -11.9717	 6.08154	 -31.5
B2BP03-34	 -11.9717	 6.08154	 -32.5
B2BP03-35	 -11.9717	 6.08154	 -33.5
B2BP03-36	 -11.9717	 6.08154	 -34.5
B2BP03-37	 -11.9717	 6.08154	 -35.5
B2BP03-38	 -11.9717	 6.08154	 -36.5
B2BP03-39	 -11.9717	 6.08154	 -37.5
B2BP04-10	 -11.8845	 -4.39592	 -8.5
B2BP04-11	 -11.8845	 -4.39592	 -9.5
B2BP04-12	 -11.8845	 -4.39592	 -10.5
B2BP04-13	 -11.8845	 -4.39592	 -11.5
B2BP04-14	 -11.8845	 -4.39592	 -12.5
B2BP04-15	 -11.8845	 -4.39592	 -13.5
B2BP04-16	 -11.8845	 -4.39592	 -14.5
B2BP04-17	 -11.8845	 -4.39592	 -15.5
B2BP04-18	 -11.8845	 -4.39592	 -16.5
B2BP04-19	 -11.8845	 -4.39592	 -17.5
B2BP04-20	 -11.8845	 -4.39592	 -18.5
B2BP04-21	 -11.8845	 -4.39592	 -19.5
B2BP04-22	 -11.8845	 -4.39592	 -20.5
B2BP04-23	 -11.8845	 -4.39592	 -21.5
B2BP04-24	 -11.8845	 -4.39592	 -22.5
B2BP04-25	 -11.8845	 -4.39592	 -23.5
B2BP04-26	 -11.8845	 -4.39592	 -24.5
B2BP04-27	 -11.8845	 -4.39592	 -25.5
B2BP04-28	 -11.8845	 -4.39592	 -26.5
B2BP04-29	 -11.8845	 -4.39592	 -27.5
B2BP04-30	 -11.8845	 -4.39592	 -28.5
B2BP04-31	 -11.8845	 -4.39592	 -29.5
B2BP04-32	 -11.8845	 -4.39592	 -30.5
B2BP04-33	 -11.8845	 -4.39592	 -31.5
B2BP04-34	 -11.8845	 -4.39592	 -32.5
B2BP04-35	 -11.8845	 -4.39592	 -33.5
B2BP04-36	 -11.8845	 -4.39592	 -34.5
B2BP04-37	 -11.8845	 -4.39592	 -35.5
B2BP04-38	 -11.8845	 -4.39592	 -36.5
B2BP04-39	 -11.8845	 -4.39592	 -37.5
B2BP04-40	 -11.8845	 -4.39592	 -38.5
B2BP04-41	 -11.8845	 -4.39592	 -39.5
B2BP04-42	 -11.8845	 -4.39592	 -40.5
B2BP04-43	 -11.8845	 -4.39592	 -41.5
B2BP04-44	 -11.8845	 -4.39592	 -42.5
B2BP05-10	 -5.025	 4.215	 -8.5
B2BP05-11	 -5.025	 4.215	 -9.5
B2BP05-12	 -5.025	 4.215	 -10.5
B2BP05-13	 -5.025	 4.215	 -11.5
B2BP05-14	 -5.025	 4.215	 -12.5
B2BP05-15	 -5.025	 4.215	 -13.5
B2BP05-16	 -5.025	 4.215	 -14.5
B2BP05-17	 -5.025	 4.215	 -15.5
B2BP05-18	 -5.025	 4.215	 -16.5
B2BP05-19	 -5.025	 4.215	 -17.5
B2BP05-20	 -5.025	 4.215	 -18.5
B2BP05-21	 -5.025	 4.215	 -19.5
B2BP05-22	 -5.025	 4.215	 -20.5
B2BP05-23	 -5.025	 4.215	 -21.5
B2BP05-24	 -5.025	 4.215	 -22.5
B2BP05-25	 -5.025	 4.215	 -23.5
B2BP05-26	 -5.025	 4.215	 -24.5
B2BP05-27	 -5.025	 4.215	 -25.5
B2BP05-28	 -5.025	 4.215	 -26.5
B2BP05-29	 -5.025	 4.215	 -27.5
B2BP05-30	 -5.025	 4.215	 -28.5
B2BP05-31	 -5.025	 4.215	 -29.5
B2BP05-32	 -5.025	 4.215	 -30.5
B2BP05-33	 -5.025	 4.215	 -31.5
B2BP05-34	 -5.025	 4.215	 -32.5
B2BP05-35	 -5.025	 4.215	 -33.5
B2BP05-36	 -5.025	 4.215	 -34.5
B2BP05-37	 -5.025	 4.215	 -35.5
B2BP06-10	 0	 -2.08481	 -8.5
B2BP06-11	 0	 -2.08481	 -9.5
B2BP06-12	 0	 -2.08481	 -10.5
B2BP06-13	 0	 -2.08481	 -11.5
B2BP06-14	 0	 -2.08481	 -12.5
B2BP06-15	 0	 -2.08481	 -13.5
B2BP06-16	 0	 -2.08481	 -14.5
B2BP06-17	 0	 -2.08481	 -15.5
B2BP06-18	 0	 -2.08481	 -16.5
B2BP06-19	 0	 -2.08481	 -17.5
B2BP06-20	 0	 -2.08481	 -18.5
B2BP06-21	 0	 -2.08481	 -19.5
B2BP06-22	 0	 -2.08481	 -20.5
B2BP06-23	 0	 -2.08481	 -21.5
B2BP06-24	 0	 -2.08481	 -22.5
B2BP06-25	 0	 -2.08481	 -23.5
B2BP06-26	 0	 -2.08481	 -24.5
B2BP06-27	 0	 -2.08481	 -25.5
B2BP06-28	 0	 -2.08481	 -26.5
B2BP06-29	 0	 -2.08481	 -27.5
B2BP06-30	 0	 -2.08481	 -28.5
B2BP06-31	 0	 -2.08481	 -29.5
B2BP06-32	 0	 -2.08481	 -30.5
B2BP06-33	 0	 -2.08481	 -31.5
B2BP06-34	 0	 -2.08481	 -32.5
B2BP06-35	 0	 -2.08481	 -33.5
B2BP07-10	 5.025	 4.215	 -8.5
B2BP07-11	 5.025	 4.215	 -9.5
B2BP07-12	 5.025	 4.215	 -10.5
B2BP07-13	 5.025	 4.215	 -11.5
B2BP07-14	 5.025	 4.215	 -12.5
B2BP07-15	 5.025	 4.215	 -13.5
B2BP07-16	 5.025	 4.215	 -14.5
B2BP07-17	 5.025	 4.215	 -15.5
B2BP07-18	 5.025	 4.215	 -16.5
B2BP07-19	 5.025	 4.215	 -17.5
B2BP07-20	 5.025	 4.215	 -18.5
B2BP07-21	 5.025	 4.215	 -19.5
B2BP07-22	 5.025	 4.215	 -20.5
B2BP07-23	 5.025	 4.215	 -21.5
B2BP07-24	 5.025	 4.215	 -22.5
B2BP07-25	 5.025	 4.215	 -23.5
B2BP07-26	 5.025	 4.215	 -24.5
B2BP07-27	 5.025	 4.215	 -25.5
B2BP07-28	 5.025	 4.215	 -26.5
B2BP07-29	 5.025	 4.215	 -27.5
B2BP07-30	 5.025	 4.215	 -28.5
B2BP07-31	 5.025	 4.215	 -29.5
B2BP07-32	 5.025	 4.215	 -30.5
B2BP07-33	 5.025	 4.215	 -31.5
B2BP07-34	 5.025	 4.215	 -32.5
B2BP07-35	 5.025	 4.215	 -33.5
B2BP07-36	 5.025	 4.215	 -34.5
B2BP07-37	 5.025	 4.215	 -35.5
B2BP07-38	 5.025	 4.215	 -36.5
B2BP07-39	 5.025	 4.215	 -37.5
B2BP07-40	 5.025	 4.215	 -38.5
B2BP07-41	 5.025	 4.215	 -39.5
B2BP07-42	 5.025	 4.215	 -40.5
B2BP07-43	 5.025	 4.215	 -41.5
B2BP07-44	 5.025	 4.215	 -42.5
B2BP07-45	 5.025	 4.215	 -43.5
B2BP07-46	 5.025	 4.215	 -44.5
B2BP07-47	 5.025	 4.215	 -45.5
B2BP07-48	 5.025	 4.215	 -46.5
B2BP07-49	 5.025	 4.215	 -47.5
B2BP07-50	 5.025	 4.215	 -48.5
B2BP07-51	 5.025	 4.215	 -49.5
B2BP07-52	 5.025	 4.215	 -50.5
B2BP08-10	 12.0851	 6.09146	 -8.5
B2BP08-11	 12.0851	 6.09146	 -9.5
B2BP08-12	 12.0851	 6.09146	 -10.5
B2BP08-13	 12.0851	 6.09146	 -11.5
B2BP08-14	 12.0851	 6.09146	 -12.5
B2BP08-15	 12.0851	 6.09146	 -13.5
B2BP08-16	 12.0851	 6.09146	 -14.5
B2BP08-17	 12.0851	 6.09146	 -15.5
B2BP08-18	 12.0851	 6.09146	 -16.5
B2BP08-19	 12.0851	 6.09146	 -17.5
B2BP08-20	 12.0851	 6.09146	 -18.5
B2BP08-21	 12.0851	 6.09146	 -19.5
B2BP08-22	 12.0851	 6.09146	 -20.5
B2BP08-23	 12.0851	 6.09146	 -21.5
B2BP08-24	 12.0851	 6.09146	 -22.5
B2BP08-25	 12.0851	 6.09146	 -23.5
B2BP08-26	 12.0851	 6.09146	 -24.5
B2BP08-27	 12.0851	 6.09146	 -25.5
B2BP08-28	 12.0851	 6.09146	 -26.5
B2BP08-29	 12.0851	 6.09146	 -27.5
B2BP08-30	 12.0851	 6.09146	 -28.5
B2BP08-31	 12.0851	 6.09146	 -29.5
B2BP08-32	 12.0851	 6.09146	 -30.5
B2BP08-33	 12.0851	 6.09146	 -31.5
B2BP08-34	 12.0851	 6.09146	 -32.5
B2BP08-35	 12.0851	 6.09146	 -33.5
B2BP08-36	 12.0851	 6.09146	 -34.5
B2BP08-37	 12.0851	 6.09146	 -35.5
B2BP08-38	 12.0851	 6.09146	 -36.5
B2BP08-39	 12.0851	 6.09146	 -37.5
B2BP08-40	 12.0851	 6.09146	 -38.5
B2BP08-41	 12.0851	 6.09146	 -39.5
B2BP08-42	 12.0851	 6.09146	 -40.5
B2BP09-10	 11.9979	 -4.386	 -8.5
B2BP09-11	 11.9979	 -4.386	 -9.5
B2BP09-12	 11.9979	 -4.386	 -10.5
B2BP09-13	 11.9979	 -4.386	 -11.5
B2BP09-14	 11.9979	 -4.386	 -12.5
B2BP09-15	 11.9979	 -4.386	 -13.5
B2BP09-16	 11.9979	 -4.386	 -14.5
B2BP09-17	 11.9979	 -4.386	 -15.5
B2BP09-18	 11.9979	 -4.386	 -16.5
B2BP09-19	 11.9979	 -4.386	 -17.5
B2BP09-20	 11.9979	 -4.386	 -18.5
B2BP09-21	 11.9979	 -4.386	 -19.5
B2BP09-22	 11.9979	 -4.386	 -20.5
B2BP09-23	 11.9979	 -4.386	 -21.5
B2BP09-24	 11.9979	 -4.386	 -22.5
B2BP09-25	 11.9979	 -4.386	 -23.5
B2BP09-26	 11.9979	 -4.386	 -24.5
B2BP09-27	 11.9979	 -4.386	 -25.5
B2BP09-28	 11.9979	 -4.386	 -26.5
B2BP09-29	 11.9979	 -4.386	 -27.5
B2BP09-30	 11.9979	 -4.386	 -28.5
B2BP09-31	 11.9979	 -4.386	 -29.5
B2BP09-32	 11.9979	 -4.386	 -30.5
B2BP09-33	 11.9979	 -4.386	 -31.5
B2BP09-34	 11.9979	 -4.386	 -32.5
B2BP09-35	 11.9979	 -4.386	 -33.5
B2BP09-36	 11.9979	 -4.386	 -34.5
B2BP09-37	 11.9979	 -4.386	 -35.5
B2BP10-10	 17.4209	 1.32337	 -8.5
B2BP10-11	 17.4209	 1.32337	 -9.5
B2BP10-12	 17.4209	 1.32337	 -10.5
B2BP10-13	 17.4209	 1.32337	 -11.5
B2BP10-14	 17.4209	 1.32337	 -12.5
B2BP10-15	 17.4209	 1.32337	 -13.5
B2BP10-16	 17.4209	 1.32337	 -14.5
B2BP10-17	 17.4209	 1.32337	 -15.5
B2BP10-18	 17.4209	 1.32337	 -16.5
B2BP10-19	 17.4209	 1.32337	 -17.5
B2BP10-20	 17.4209	 1.32337	 -18.5
B2BP10-21	 17.4209	 1.32337	 -19.5
B2BP10-22	 17.4209	 1.32337	 -20.5
B2BP10-23	 17.4209	 1.32337	 -21.5
B2BP10-24	 17.4209	 1.32337	 -22.5
B2BP10-25	 17.4209	 1.32337	 -23.5
B2BP10-26	 17.4209	 1.32337	 -24.5
B2BP10-27	 17.4209	 1.32337	 -25.5
B2BP10-28	 17.4209	 1.32337	 -26.5
B2BP10-29	 17.4209	 1.32337	 -27.5
B2BP10-30	 17.4209	 1.32337	 -28.5
B2BP10-31	 17.4209	 1.32337	 -29.5
B2BP10-32	 17.4209	 1.32337	 -30.5
B2BP10-33	 17.4209	 1.32337	 -31.5
B2BP10-34	 17.4209	 1.32337	 -32.5
B2BP10-35	 17.4209	 1.32337	 -33.5
B2BP11-10	 21.7233	 6.9347	 -8.5
B2BP11-11	 21.7233	 6.9347	 -9.5
B2BP11-12	 21.7233	 6.9347	 -10.5
B2BP11-13	 21.7233	 6.9347	 -11.5
B2BP11-14	 21.7233	 6.9347	 -12.5
B2BP11-15	 21.7233	 6.9347	 -13.5
B2BP11-16	 21.7233	 6.9347	 -14.5
B2BP11-17	 21.7233	 6.9347	 -15.5
B2BP11-18	 21.7233	 6.9347	 -16.5
B2BP11-19	 21.7233	 6.9347	 -17.5
B2BP11-20	 21.7233	 6.9347	 -18.5
B2BP11-21	 21.7233	 6.9347	 -19.5
B2BP11-22	 21.7233	 6.9347	 -20.5
B2BP11-23	 21.7233	 6.9347	 -21.5
B2BP11-24	 21.7233	 6.9347	 -22.5
B2BP11-25	 21.7233	 6.9347	 -23.5
B2BP11-26	 21.7233	 6.9347	 -24.5
B2BP11-27	 21.7233	 6.9347	 -25.5
B2BP11-28	 21.7233	 6.9347	 -26.5
B2BP11-29	 21.7233	 6.9347	 -27.5
B2BP11-30	 21.7233	 6.9347	 -28.5
B2BP11-31	 21.7233	 6.9347	 -29.5
B2BP12-10	 22.6323	 -3.45562	 -8.5
B2BP12-11	 22.6323	 -3.45562	 -9.5
B2BP12-12	 22.6323	 -3.45562	 -10.5
B2BP12-13	 22.6323	 -3.45562	 -11.5
B2BP12-14	 22.6323	 -3.45562	 -12.5
B2BP12-15	 22.6323	 -3.45562	 -13.5
B2BP12-16	 22.6323	 -3.45562	 -14.5
B2BP12-17	 22.6323	 -3.45562	 -15.5
B2BP12-18	 22.6323	 -3.45562	 -16.5
B2BP12-19	 22.6323	 -3.45562	 -17.5
B2BP12-20	 22.6323	 -3.45562	 -18.5
B2BP12-21	 22.6323	 -3.45562	 -19.5
B2BP12-22	 22.6323	 -3.45562	 -20.5
B2BP12-23	 22.6323	 -3.45562	 -21.5
B2BP12-24	 22.6323	 -3.45562	 -22.5
B2BP12-25	 22.6323	 -3.45562	 -23.5
B2BP12-26	 22.6323	 -3.45562	 -24.5
B2BP12-27	 22.6323	 -3.45562	 -25.5
B2BP12-28	 22.6323	 -3.45562	 -26.5
B2BP12-29	 22.6323	 -3.45562	 -27.5
B2BP12-30	 22.6323	 -3.45562	 -28.5
B2BP12-31	 22.6323	 -3.45562	 -29.5
B2BP12-32	 22.6323	 -3.45562	 -30.5
B2BP12-33	 22.6323	 -3.45562	 -31.5
B2BP12-34	 22.6323	 -3.45562	 -32.5
B2BP12-35	 22.6323	 -3.45562	 -33.5
B2BP12-36	 22.6323	 -3.45562	 -34.5
B2BP12-37	 22.6323	 -3.45562	 -35.5
B2BP12-38	 22.6323	 -3.45562	 -36.5
B2BP12-39	 22.6323	 -3.45562	 -37.5
B2BP13-10	 -5.215	 -8.38481	 -8.5
B2BP13-11	 -5.215	 -8.38481	 -9.5
B2BP13-12	 -5.215	 -8.38481	 -10.5
B2BP13-13	 -5.215	 -8.38481	 -11.5
B2BP13-14	 -5.215	 -8.38481	 -12.5
B2BP13-15	 -5.215	 -8.38481	 -13.5
B2BP13-16	 -5.215	 -8.38481	 -14.5
B2BP13-17	 -5.215	 -8.38481	 -15.5
B2BP13-18	 -5.215	 -8.38481	 -16.5
B2BP13-19	 -5.215	 -8.38481	 -17.5
B2BP13-20	 -5.215	 -8.38481	 -18.5
B2BP13-21	 -5.215	 -8.38481	 -19.5
B2BP13-22	 -5.215	 -8.38481	 -20.5
B2BP13-23	 -5.215	 -8.38481	 -21.5
B2BP13-24	 -5.215	 -8.38481	 -22.5
B2BP13-25	 -5.215	 -8.38481	 -23.5
B2BP13-26	 -5.215	 -8.38481	 -24.5
B2BP13-27	 -5.215	 -8.38481	 -25.5
B2BP13-28	 -5.215	 -8.38481	 -26.5
B2BP13-29	 -5.215	 -8.38481	 -27.5
B2BP13-30	 -5.215	 -8.38481	 -28.5
B2BP13-31	 -5.215	 -8.38481	 -29.5
B2BP13-32	 -5.215	 -8.38481	 -30.5
B2BP13-33	 -5.215	 -8.38481	 -31.5
B2BP13-34	 -5.215	 -8.38481	 -32.5
B2BP13-35	 -5.215	 -8.38481	 -33.5
B2BP13-36	 -5.215	 -8.38481	 -34.5
B2BP13-37	 -5.215	 -8.38481	 -35.5
B2BP13-38	 -5.215	 -8.38481	 -36.5
B2BP14-10	 5.01499	 -8.38481	 -8.5
B2BP14-11	 5.01499	 -8.38481	 -9.5
B2BP14-12	 5.01499	 -8.38481	 -10.5
B2BP14-13	 5.01499	 -8.38481	 -11.5
B2BP14-14	 5.01499	 -8.38481	 -12.5
B2BP14-15	 5.01499	 -8.38481	 -13.5
B2BP14-16	 5.01499	 -8.38481	 -14.5
B2BP14-17	 5.01499	 -8.38481	 -15.5
B2BP14-18	 5.01499	 -8.38481	 -16.5
B2BP14-19	 5.01499	 -8.38481	 -17.5
B2BP14-20	 5.01499	 -8.38481	 -18.5
B2BP14-21	 5.01499	 -8.38481	 -19.5
B2BP14-22	 5.01499	 -8.38481	 -20.5
B2BP14-23	 5.01499	 -8.38481	 -21.5
B2BP14-24	 5.01499	 -8.38481	 -22.5
B2BP14-25	 5.01499	 -8.38481	 -23.5
B2BP14-26	 5.01499	 -8.38481	 -24.5
B2BP14-27	 5.01499	 -8.38481	 -25.5
B2BP14-28	 5.01499	 -8.38481	 -26.5
B2BP14-29	 5.01499	 -8.38481	 -27.5
B2BP14-30	 5.01499	 -8.38481	 -28.5
B2BP14-31	 5.01499	 -8.38481	 -29.5
B2BP14-32	 5.01499	 -8.38481	 -30.5
B2BP15-10	 -8.5e-06	 -14.6848	 -8.5
B2BP15-11	 -8.5e-06	 -14.6848	 -9.5
B2BP15-12	 -8.5e-06	 -14.6848	 -10.5
B2BP15-13	 -8.5e-06	 -14.6848	 -11.5
B2BP15-14	 -8.5e-06	 -14.6848	 -12.5
B2BP15-15	 -8.5e-06	 -14.6848	 -13.5
B2BP15-16	 -8.5e-06	 -14.6848	 -14.5
B2BP15-17	 -8.5e-06	 -14.6848	 -15.5
B2BP15-18	 -8.5e-06	 -14.6848	 -16.5
B2BP15-19	 -8.5e-06	 -14.6848	 -17.5
B2BP15-20	 -8.5e-06	 -14.6848	 -18.5
B2BP15-21	 -8.5e-06	 -14.6848	 -19.5
B2BP15-22	 -8.5e-06	 -14.6848	 -20.5
B2BP15-23	 -8.5e-06	 -14.6848	 -21.5
B2BP15-24	 -8.5e-06	 -14.6848	 -22.5
B2BP15-25	 -8.5e-06	 -14.6848	 -23.5
B2BP15-26	 -8.5e-06	 -14.6848	 -24.5
B2BP15-27	 -8.5e-06	 -14.6848	 -25.5
B2BP15-28	 -8.5e-06	 -14.6848	 -26.5
B2BP15-29	 -8.5e-06	 -14.6848	 -27.5
B2BP15-30	 -8.5e-06	 -14.6848	 -28.5
B2BP15-31	 -8.5e-06	 -14.6848	 -29.5
B2BP15-32	 -8.5e-06	 -14.6848	 -30.5
B2BP15-33	 -8.5e-06	 -14.6848	 -31.5
B2BP15-34	 -8.5e-06	 -14.6848	 -32.5
B2BP15-35	 -8.5e-06	 -14.6848	 -33.5
B2BP15-36	 -8.5e-06	 -14.6848	 -34.5
B2BP15-37	 -8.5e-06	 -14.6848	 -35.5
B2BP16-10	 -5.215	 -21	 -8.5
B2BP16-11	 -5.215	 -21	 -9.5
B2BP16-12	 -5.215	 -21	 -10.5
B2BP16-13	 -5.215	 -21	 -11.5
B2BP16-14	 -5.215	 -21	 -12.5
B2BP16-15	 -5.215	 -21	 -13.5
B2BP16-16	 -5.215	 -21	 -14.5
B2BP16-17	 -5.215	 -21	 -15.5
B2BP16-18	 -5.215	 -21	 -16.5
B2BP16-19	 -5.215	 -21	 -17.5
B2BP16-20	 -5.215	 -21	 -18.5
B2BP16-21	 -5.215	 -21	 -19.5
B2BP16-22	 -5.215	 -21	 -20.5
B2BP16-23	 -5.215	 -21	 -21.5
B2BP16-24	 -5.215	 -21	 -22.5
B2BP16-25	 -5.215	 -21	 -23.5
B2BP16-26	 -5.215	 -21	 -24.5
B2BP16-27	 -5.215	 -21	 -25.5
B2BP16-28	 -5.215	 -21	 -26.5
B2BP16-29	 -5.215	 -21	 -27.5
B2BP16-30	 -5.215	 -21	 -28.5
B2BP16-31	 -5.215	 -21	 -29.5
B2BP16-32	 -5.215	 -21	 -30.5
B2BP16-33	 -5.215	 -21	 -31.5
B2BP16-34	 -5.215	 -21	 -32.5
B2BP16-35	 -5.215	 -21	 -33.5
B2BP16-36	 -5.215	 -21	 -34.5
B2BP16-37	 -5.215	 -21	 -35.5
B2BP16-38	 -5.215	 -21	 -36.5
B2BP16-39	 -5.215	 -21	 -37.5
B2BP16-40	 -5.215	 -21	 -38.5
B2BP16-41	 -5.215	 -21	 -39.5
B2BP16-42	 -5.215	 -21	 -40.5
B2BP16-43	 -5.215	 -21	 -41.5
B2BP16-44	 -5.215	 -21	 -42.5
B2BP17-10	 5.215	 -21.0044	 -8.5
B2BP17-11	 5.215	 -21.0044	 -9.5
B2BP17-12	 5.215	 -21.0044	 -10.5
B2BP17-13	 5.215	 -21.0044	 -11.5
B2BP17-14	 5.215	 -21.0044	 -12.5
B2BP17-15	 5.215	 -21.0044	 -13.5
B2BP17-16	 5.215	 -21.0044	 -14.5
B2BP17-17	 5.215	 -21.0044	 -15.5
B2BP17-18	 5.215	 -21.0044	 -16.5
B2BP17-19	 5.215	 -21.0044	 -17.5
B2BP17-20	 5.215	 -21.0044	 -18.5
B2BP17-21	 5.215	 -21.0044	 -19.5
B2BP17-22	 5.215	 -21.0044	 -20.5
B2BP17-23	 5.215	 -21.0044	 -21.5
B2BP17-24	 5.215	 -21.0044	 -22.5
B2BP17-25	 5.215	 -21.0044	 -23.5
B2BP17-26	 5.215	 -21.0044	 -24.5
B2BP17-27	 5.215	 -21.0044	 -25.5
B2BP17-28	 5.215	 -21.0044	 -26.5
B2BP17-29	 5.215	 -21.0044	 -27.5
B2BP17-30	 5.215	 -21.0044	 -28.5
B2BP17-31	 5.215	 -21.0044	 -29.5
B2BP17-32	 5.215	 -21.0044	 -30.5
B2BP17-33	 5.215	 -21.0044	 -31.5
B2BP17-34	 5.215	 -21.0044	 -32.5
B2BP17-35	 5.215	 -21.0044	 -33.5
B2BP17-36	 5.215	 -21.0044	 -34.5
B2BP18-10	 -6.1e-06	 -27.2949	 -8.5
B2BP18-11	 -6.1e-06	 -27.2949	 -9.5
B2BP18-12	 -6.1e-06	 -27.2949	 -10.5
B2BP18-13	 -6.1e-06	 -27.2949	 -11.5
B2BP18-14	 -6.1e-06	 -27.2949	 -12.5
B2BP18-15	 -6.1e-06	 -27.2949	 -13.5
B2BP18-16	 -6.1e-06	 -27.2949	 -14.5
B2BP18-17	 -6.1e-06	 -27.2949	 -15.5
B2BP18-18	 -6.1e-06	 -27.2949	 -16.5
B2BP18-19	 -6.1e-06	 -27.2949	 -17.5
B2BP18-20	 -6.1e-06	 -27.2949	 -18.5
B2BP18-21	 -6.1e-06	 -27.2949	 -19.5
B2BP18-22	 -6.1e-06	 -27.2949	 -20.5
B2BP18-23	 -6.1e-06	 -27.2949	 -21.5
B2BP18-24	 -6.1e-06	 -27.2949	 -22.5
B2BP18-25	 -6.1e-06	 -27.2949	 -23.5
B2BP18-26	 -6.1e-06	 -27.2949	 -24.5
B2BP18-27	 -6.1e-06	 -27.2949	 -25.5
B2BP18-28	 -6.1e-06	 -27.2949	 -26.5
B2BP18-29	 -6.1e-06	 -27.2949	 -27.5
B2BP18-30	 -6.1e-06	 -27.2949	 -28.5
B2BP18-31	 -6.1e-06	 -27.2949	 -29.5
B2BP18-32	 -6.1e-06	 -27.2949	 -30.5
B2BP18-33	 -6.1e-06	 -27.2949	 -31.5
B2BP18-34	 -6.1e-06	 -27.2949	 -32.5
B2BP19-10	 -5.215	 -33.5898	 -8.5
B2BP19-11	 -5.215	 -33.5898	 -9.5
B2BP19-12	 -5.215	 -33.5898	 -10.5
B2BP19-13	 -5.215	 -33.5898	 -11.5
B2BP19-14	 -5.215	 -33.5898	 -12.5
B2BP19-15	 -5.215	 -33.5898	 -13.5
B2BP19-16	 -5.215	 -33.5898	 -14.5
B2BP19-17	 -5.215	 -33.5898	 -15.5
B2BP19-18	 -5.215	 -33.5898	 -16.5
B2BP19-19	 -5.215	 -33.5898	 -17.5
B2BP19-20	 -5.215	 -33.5898	 -18.5
B2BP19-21	 -5.215	 -33.5898	 -19.5
B2BP19-22	 -5.215	 -33.5898	 -20.5
B2BP19-23	 -5.215	 -33.5898	 -21.5
B2BP19-24	 -5.215	 -33.5898	 -22.5
B2BP19-25	 -5.215	 -33.5898	 -23.5
B2BP19-26	 -5.215	 -33.5898	 -24.5
B2BP19-27	 -5.215	 -33.5898	 -25.5
B2BP19-28	 -5.215	 -33.5898	 -26.5
B2BP19-29	 -5.215	 -33.5898	 -27.5
B2BP19-30	 -5.215	 -33.5898	 -28.5
B2BP19-31	 -5.215	 -33.5898	 -29.5
B2BP19-32	 -5.215	 -33.5898	 -30.5
B2BP20-10	 5.21501	 -33.5898	 -8.5
B2BP20-11	 5.21501	 -33.5898	 -9.5
B2BP20-12	 5.21501	 -33.5898	 -10.5
B2BP20-13	 5.21501	 -33.5898	 -11.5
B2BP20-14	 5.21501	 -33.5898	 -12.5
B2BP20-15	 5.21501	 -33.5898	 -13.5
B2BP20-16	 5.21501	 -33.5898	 -14.5
B2BP20-17	 5.21501	 -33.5898	 -15.5
B2BP20-18	 5.21501	 -33.5898	 -16.5
B2BP20-19	 5.21501	 -33.5898	 -17.5
B2BP20-20	 5.21501	 -33.5898	 -18.5
B2BP20-21	 5.21501	 -33.5898	 -19.5
B2BP20-22	 5.21501	 -33.5898	 -20.5
B2BP20-23	 5.21501	 -33.5898	 -21.5
B2BP20-24	 5.21501	 -33.5898	 -22.5
B2BP20-25	 5.21501	 -33.5898	 -23.5
B2BP20-26	 5.21501	 -33.5898	 -24.5
B2BP20-27	 5.21501	 -33.5898	 -25.5
B2BP20-28	 5.21501	 -33.5898	 -26.5
B2BP20-29	 5.21501	 -33.5898	 -27.5
B2BP20-30	 5.21501	 -33.5898	 -28.5
B2BP20-31	 5.21501	 -33.5898	 -29.5
B2BP20-32	 5.21501	 -33.5898	 -30.5
B2BP20-33	 5.21501	 -33.5898	 -31.5
B2BP20-34	 5.21501	 -33.5898	 -32.5
B2BP20-35	 5.21501	 -33.5898	 -33.5
B2BP20-36	 5.21501	 -33.5898	 -34.5
B2BP20-37	 5.21501	 -33.5898	 -35.5
B2BP20-38	 5.21501	 -33.5898	 -36.5
1	 CCE12	 117
2	 CCE13	 115
3	 CCE14	 94
4	 CCE15	 90
5	 CCE16	 130
6	 CCE17	 137
7	 3	 9
8	 162	 CCE05A
9	 145	 CCE06A
10	 150	 CCE07A
11	 156	 CCE08A
12	 160	 CCE09A
13	 161	 CCE10A
14	 CCE11	 118
15	 162	 145
16	 161	 160
17	 27	 133
18	 134	 28
19	 156	 150
20	 90	 94
21	 115	 117
22	 118	 130
23	 130	 137
B1	 41	 40
B2	 39	 38
B3	 47	 48
115	 133	 3
116	 9	 134
CWA1	 46	 42
CWA2	 49	 42
CWA3	 50	 49
CWA5	 51	 136
CWA6	 32	 30
CWA7	 63	 64
CWB1	 34	 74
CWB2	 36	 35
CWB3	 36	 37
CWB4	 62	 36
CWB5	 34	 33
WA02	 57	 56
WA03	 59	 58
WA04	 61	 60
WA06	 54	 53
WB01	 69	 70
WB02	 71	 72
WB03	 65	 66
WB04	 67	 68
WC01	 17	 18
WC02	 14	 15
WC03	 22	 23
WC04	 25	 24
WC05	 29	 26
WC06	 21	 20
WC07	 19	 20
WA05A	 79	 56
B2BP01-1	 B2BP01-2	 B2BP01-1
B2BP01-2	 B2BP01-3	 B2BP01-2
B2BP01-3	 B2BP01-4	 B2BP01-3
B2BP01-4	 B2BP01-5	 B2BP01-4
B2BP01-5	 B2BP01-6	 B2BP01-5
B2BP01-6	 B2BP01-7	 B2BP01-6
B2BP01-7	 B2BP01-8	 B2BP01-7
B2BP01-8	 B2BP01-9	 B2BP01-8
B2BP01-9	 B2BP01-10	 B2BP01-9
B2BP02-1	 B2BP02-2	 B2BP02-1
B2BP02-2	 B2BP02-3	 B2BP02-2
B2BP02-3	 B2BP02-4	 B2BP02-3
B2BP02-4	 B2BP02-5	 B2BP02-4
B2BP02-5	 B2BP02-6	 B2BP02-5
B2BP02-6	 B2BP02-7	 B2BP02-6
B2BP02-7	 B2BP02-8	 B2BP02-7
B2BP02-8	 B2BP02-9	 B2BP02-8
B2BP02-9	 B2BP02-10	 B2BP02-9
B2BP03-1	 B2BP03-2	 B2BP03-1
B2BP03-2	 B2BP03-3	 B2BP03-2
B2BP03-3	 B2BP03-4	 B2BP03-3
B2BP03-4	 B2BP03-5	 B2BP03-4
B2BP03-5	 B2BP03-6	 B2BP03-5
B2BP03-6	 B2BP03-7	 B2BP03-6
B2BP03-7	 B2BP03-8	 B2BP03-7
B2BP03-8	 B2BP03-9	 B2BP03-8
B2BP03-9	 B2BP03-10	 B2BP03-9
B2BP04-1	 B2BP04-2	 B2BP04-1
B2BP04-2	 B2BP04-3	 B2BP04-2
B2BP04-3	 B2BP04-4	 B2BP04-3
B2BP04-4	 B2BP04-5	 B2BP04-4
B2BP04-5	 B2BP04-6	 B2BP04-5
B2BP04-6	 B2BP04-7	 B2BP04-6
B2BP04-7	 B2BP04-8	 B2BP04-7
B2BP04-8	 B2BP04-9	 B2BP04-8
B2BP04-9	 B2BP04-10	 B2BP04-9
B2BP05-1	 B2BP05-2	 B2BP05-1
B2BP05-2	 B2BP05-3	 B2BP05-2
B2BP05-3	 B2BP05-4	 B2BP05-3
B2BP05-4	 B2BP05-5	 B2BP05-4
B2BP05-5	 B2BP05-6	 B2BP05-5
B2BP05-6	 B2BP05-7	 B2BP05-6
B2BP05-7	 B2BP05-8	 B2BP05-7
B2BP05-8	 B2BP05-9	 B2BP05-8
B2BP05-9	 B2BP05-10	 B2BP05-9
B2BP06-1	 B2BP06-2	 B2BP06-1
B2BP06-2	 B2BP06-3	 B2BP06-2
B2BP06-3	 B2BP06-4	 B2BP06-3
B2BP06-4	 B2BP06-5	 B2BP06-4
B2BP06-5	 B2BP06-6	 B2BP06-5
B2BP06-6	 B2BP06-7	 B2BP06-6
B2BP06-7	 B2BP06-8	 B2BP06-7
B2BP06-8	 B2BP06-9	 B2BP06-8
B2BP06-9	 B2BP06-10	 B2BP06-9
B2BP07-1	 B2BP07-2	 B2BP07-1
B2BP07-2	 B2BP07-3	 B2BP07-2
B2BP07-3	 B2BP07-4	 B2BP07-3
B2BP07-4	 B2BP07-5	 B2BP07-4
B2BP07-5	 B2BP07-6	 B2BP07-5
B2BP07-6	 B2BP07-7	 B2BP07-6
B2BP07-7	 B2BP07-8	 B2BP07-7
B2BP07-8	 B2BP07-9	 B2BP07-8
B2BP07-9	 B2BP07-10	 B2BP07-9
B2BP08-1	 B2BP08-2	 B2BP08-1
B2BP08-2	 B2BP08-3	 B2BP08-2
B2BP08-3	 B2BP08-4	 B2BP08-3
B2BP08-4	 B2BP08-5	 B2BP08-4
B2BP08-5	 B2BP08-6	 B2BP08-5
B2BP08-6	 B2BP08-7	 B2BP08-6
B2BP08-7	 B2BP08-8	 B2BP08-7
B2BP08-8	 B2BP08-9	 B2BP08-8
B2BP08-9	 B2BP08-10	 B2BP08-9
B2BP09-1	 B2BP09-2	 B2BP09-1
B2BP09-2	 B2BP09-3	 B2BP09-2
B2BP09-3	 B2BP09-4	 B2BP09-3
B2BP09-4	 B2BP09-5	 B2BP09-4
B2BP09-5	 B2BP09-6	 B2BP09-5
B2BP09-6	 B2BP09-7	 B2BP09-6
B2BP09-7	 B2BP09-8	 B2BP09-7
B2BP09-8	 B2BP09-9	 B2BP09-8
B2BP09-9	 B2BP09-10	 B2BP09-9
B2BP10-1	 B2BP10-2	 B2BP10-1
B2BP10-2	 B2BP10-3	 B2BP10-2
B2BP10-3	 B2BP10-4	 B2BP10-3
B2BP10-4	 B2BP10-5	 B2BP10-4
B2BP10-5	 B2BP10-6	 B2BP10-5
B2BP10-6	 B2BP10-7	 B2BP10-6
B2BP10-7	 B2BP10-8	 B2BP10-7
B2BP10-8	 B2BP10-9	 B2BP10-8
B2BP10-9	 B2BP10-10	 B2BP10-9
B2BP11-1	 B2BP11-2	 B2BP11-1
B2BP11-2	 B2BP11-3	 B2BP11-2
B2BP11-3	 B2BP11-4	 B2BP11-3
B2BP11-4	 B2BP11-5	 B2BP11-4
B2BP11-5	 B2BP11-6	 B2BP11-5
B2BP11-6	 B2BP11-7	 B2BP11-6
B2BP11-7	 B2BP11-8	 B2BP11-7
B2BP11-8	 B2BP11-9	 B2BP11-8
B2BP11-9	 B2BP11-10	 B2BP11-9
B2BP12-1	 B2BP12-2	 B2BP12-1
B2BP12-2	 B2BP12-3	 B2BP12-2
B2BP12-3	 B2BP12-4	 B2BP12-3
B2BP12-4	 B2BP12-5	 B2BP12-4
B2BP12-5	 B2BP12-6	 B2BP12-5
B2BP12-6	 B2BP12-7	 B2BP12-6
B2BP12-7	 B2BP12-8	 B2BP12-7
B2BP12-8	 B2BP12-9	 B2BP12-8
B2BP12-9	 B2BP12-10	 B2BP12-9
B2BP13-1	 B2BP13-2	 B2BP13-1
B2BP13-2	 B2BP13-3	 B2BP13-2
B2BP13-3	 B2BP13-4	 B2BP13-3
B2BP13-4	 B2BP13-5	 B2BP13-4
B2BP13-5	 B2BP13-6	 B2BP13-5
B2BP13-6	 B2BP13-7	 B2BP13-6
B2BP13-7	 B2BP13-8	 B2BP13-7
B2BP13-8	 B2BP13-9	 B2BP13-8
B2BP13-9	 B2BP13-10	 B2BP13-9
B2BP14-1	 B2BP14-2	 B2BP14-1
B2BP14-2	 B2BP14-3	 B2BP14-2
B2BP14-3	 B2BP14-4	 B2BP14-3
B2BP14-4	 B2BP14-5	 B2BP14-4
B2BP14-5	 B2BP14-6	 B2BP14-5
B2BP14-6	 B2BP14-7	 B2BP14-6
B2BP14-7	 B2BP14-8	 B2BP14-7
B2BP14-8	 B2BP14-9	 B2BP14-8
B2BP14-9	 B2BP14-10	 B2BP14-9
B2BP15-1	 B2BP15-2	 B2BP15-1
B2BP15-2	 B2BP15-3	 B2BP15-2
B2BP15-3	 B2BP15-4	 B2BP15-3
B2BP15-4	 B2BP15-5	 B2BP15-4
B2BP15-5	 B2BP15-6	 B2BP15-5
B2BP15-6	 B2BP15-7	 B2BP15-6
B2BP15-7	 B2BP15-8	 B2BP15-7
B2BP15-8	 B2BP15-9	 B2BP15-8
B2BP15-9	 B2BP15-10	 B2BP15-9
B2BP16-1	 B2BP16-2	 B2BP16-1
B2BP16-2	 B2BP16-3	 B2BP16-2
B2BP16-3	 B2BP16-4	 B2BP16-3
B2BP16-4	 B2BP16-5	 B2BP16-4
B2BP16-5	 B2BP16-6	 B2BP16-5
B2BP16-6	 B2BP16-7	 B2BP16-6
B2BP16-7	 B2BP16-8	 B2BP16-7
B2BP16-8	 B2BP16-9	 B2BP16-8
B2BP16-9	 B2BP16-10	 B2BP16-9
B2BP17-1	 B2BP17-2	 B2BP17-1
B2BP17-2	 B2BP17-3	 B2BP17-2
B2BP17-3	 B2BP17-4	 B2BP17-3
B2BP17-4	 B2BP17-5	 B2BP17-4
B2BP17-5	 B2BP17-6	 B2BP17-5
B2BP17-6	 B2BP17-7	 B2BP17-6
B2BP17-7	 B2BP17-8	 B2BP17-7
B2BP17-8	 B2BP17-9	 B2BP17-8
B2BP17-9	 B2BP17-10	 B2BP17-9
B2BP18-1	 B2BP18-2	 B2BP18-1
B2BP18-2	 B2BP18-3	 B2BP18-2
B2BP18-3	 B2BP18-4	 B2BP18-3
B2BP18-4	 B2BP18-5	 B2BP18-4
B2BP18-5	 B2BP18-6	 B2BP18-5
B2BP18-6	 B2BP18-7	 B2BP18-6
B2BP18-7	 B2BP18-8	 B2BP18-7
B2BP18-8	 B2BP18-9	 B2BP18-8
B2BP18-9	 B2BP18-10	 B2BP18-9
B2BP19-1	 B2BP19-2	 B2BP19-1
B2BP19-2	 B2BP19-3	 B2BP19-2
B2BP19-3	 B2BP19-4	 B2BP19-3
B2BP19-4	 B2BP19-5	 B2BP19-4
B2BP19-5	 B2BP19-6	 B2BP19-5
B2BP19-6	 B2BP19-7	 B2BP19-6
B2BP19-7	 B2BP19-8	 B2BP19-7
B2BP19-8	 B2BP19-9	 B2BP19-8
B2BP19-9	 B2BP19-10	 B2BP19-9
B2BP20-1	 B2BP20-2	 B2BP20-1
B2BP20-2	 B2BP20-3	 B2BP20-2
B2BP20-3	 B2BP20-4	 B2BP20-3
B2BP20-4	 B2BP20-5	 B2BP20-4
B2BP20-5	 B2BP20-6	 B2BP20-5
B2BP20-6	 B2BP20-7	 B2BP20-6
B2BP20-7	 B2BP20-8	 B2BP20-7
B2BP20-8	 B2BP20-9	 B2BP20-8
B2BP20-9	 B2BP20-10	 B2BP20-9
B2BP01-10	 B2BP01-11	 B2BP01-10
B2BP01-11	 B2BP01-12	 B2BP01-11
B2BP01-12	 B2BP01-13	 B2BP01-12
B2BP01-13	 B2BP01-14	 B2BP01-13
B2BP01-14	 B2BP01-15	 B2BP01-14
B2BP01-15	 B2BP01-16	 B2BP01-15
B2BP01-16	 B2BP01-17	 B2BP01-16
B2BP01-17	 B2BP01-18	 B2BP01-17
B2BP01-18	 B2BP01-19	 B2BP01-18
B2BP01-19	 B2BP01-20	 B2BP01-19
B2BP01-20	 B2BP01-21	 B2BP01-20
B2BP01-21	 B2BP01-22	 B2BP01-21
B2BP01-22	 B2BP01-23	 B2BP01-22
B2BP01-23	 B2BP01-24	 B2BP01-23
B2BP01-24	 B2BP01-25	 B2BP01-24
B2BP01-25	 B2BP01-26	 B2BP01-25
B2BP01-26	 B2BP01-27	 B2BP01-26
B2BP01-27	 B2BP01-28	 B2BP01-27
B2BP01-28	 B2BP01-29	 B2BP01-28
B2BP01-29	 B2BP01-30	 B2BP01-29
B2BP01-30	 B2BP01-31	 B2BP01-30
B2BP01-31	 B2BP01-32	 B2BP01-31
B2BP01-32	 B2BP01-33	 B2BP01-32
B2BP01-33	 B2BP01-34	 B2BP01-33
B2BP01-34	 B2BP01-35	 B2BP01-34
B2BP01-35	 B2BP01-36	 B2BP01-35
B2BP01-36	 B2BP01-37	 B2BP01-36
B2BP01-37	 B2BP01-38	 B2BP01-37
B2BP02-10	 B2BP02-11	 B2BP02-10
B2BP02-11	 B2BP02-12	 B2BP02-11
B2BP02-12	 B2BP02-13	 B2BP02-12
B2BP02-13	 B2BP02-14	 B2BP02-13
B2BP02-14	 B2BP02-15	 B2BP02-14
B2BP02-15	 B2BP02-16	 B2BP02-15
B2BP02-16	 B2BP02-17	 B2BP02-16
B2BP02-17	 B2BP02-18	 B2BP02-17
B2BP02-18	 B2BP02-19	 B2BP02-18
B2BP02-19	 B2BP02-20	 B2BP02-19
B2BP02-20	 B2BP02-21	 B2BP02-20
B2BP02-21	 B2BP02-22	 B2BP02-21
B2BP02-22	 B2BP02-23	 B2BP02-22
B2BP02-23	 B2BP02-24	 B2BP02-23
B2BP02-24	 B2BP02-25	 B2BP02-24
B2BP02-25	 B2BP02-26	 B2BP02-25
B2BP02-26	 B2BP02-27	 B2BP02-26
B2BP02-27	 B2BP02-28	 B2BP02-27
B2BP02-28	 B2BP02-29	 B2BP02-28
B2BP02-29	 B2BP02-30	 B2BP02-29
B2BP02-30	 B2BP02-31	 B2BP02-30
B2BP02-31	 B2BP02-32	 B2BP02-31
B2BP02-32	 B2BP02-33	 B2BP02-32
B2BP02-33	 B2BP02-34	 B2BP02-33
B2BP02-34	 B2BP02-35	 B2BP02-34
B2BP02-35	 B2BP02-36	 B2BP02-35
B2BP02-36	 B2BP02-37	 B2BP02-36
B2BP02-37	 B2BP02-38	 B2BP02-37
B2BP02-38	 B2BP02-39	 B2BP02-38
B2BP02-39	 B2BP02-40	 B2BP02-39
B2BP03-10	 B2BP03-11	 B2BP03-10
B2BP03-11	 B2BP03-12	 B2BP03-11
B2BP03-12	 B2BP03-13	 B2BP03-12
B2BP03-13	 B2BP03-14	 B2BP03-13
B2BP03-14	 B2BP03-15	 B2BP03-14
B2BP03-15	 B2BP03-16	 B2BP03-15
B2BP03-16	 B2BP03-17	 B2BP03-16
B2BP03-17	 B2BP03-18	 B2BP03-17
B2BP03-18	 B2BP03-19	 B2BP03-18
B2BP03-19	 B2BP03-20	 B2BP03-19
B2BP03-20	 B2BP03-21	 B2BP03-20
B2BP03-21	 B2BP03-22	 B2BP03-21
B2BP03-22	 B2BP03-23	 B2BP03-22
B2BP03-23	 B2BP03-24	 B2BP03-23
B2BP03-24	 B2BP03-25	 B2BP03-24
B2BP03-25	 B2BP03-26	 B2BP03-25
B2BP03-26	 B2BP03-27	 B2BP03-26
B2BP03-27	 B2BP03-28	 B2BP03-27
B2BP03-28	 B2BP03-29	 B2BP03-28
B2BP03-29	 B2BP03-30	 B2BP03-29
B2BP03-30	 B2BP03-31	 B2BP03-30
B2BP03-31	 B2BP03-32	 B2BP03-31
B2BP03-32	 B2BP03-33	 B2BP03-32
B2BP03-33	 B2BP03-34	 B2BP03-33
B2BP03-34	 B2BP03-35	 B2BP03-34
B2BP03-35	 B2BP03-36	 B2BP03-35
B2BP03-36	 B2BP03-37	 B2BP03-36
B2BP03-37	 B2BP03-38	 B2BP03-37
B2BP03-38	 B2BP03-39	 B2BP03-38
B2BP04-10	 B2BP04-11	 B2BP04-10
B2BP04-11	 B2BP04-12	 B2BP04-11
B2BP04-12	 B2BP04-13	 B2BP04-12
B2BP04-13	 B2BP04-14	 B2BP04-13
B2BP04-14	 B2BP04-15	 B2BP04-14
B2BP04-15	 B2BP04-16	 B2BP04-15
B2BP04-16	 B2BP04-17	 B2BP04-16
B2BP04-17	 B2BP04-18	 B2BP04-17
B2BP04-18	 B2BP04-19	 B2BP04-18
B2BP04-19	 B2BP04-20	 B2BP04-19
B2BP04-20	 B2BP04-21	 B2BP04-20
B2BP04-21	 B2BP04-22	 B2BP04-21
B2BP04-22	 B2BP04-23	 B2BP04-22
B2BP04-23	 B2BP04-24	 B2BP04-23
B2BP04-24	 B2BP04-25	 B2BP04-24
B2BP04-25	 B2BP04-26	 B2BP04-25
B2BP04-26	 B2BP04-27	 B2BP04-26
B2BP04-27	 B2BP04-28	 B2BP04-27
B2BP04-28	 B2BP04-29	 B2BP04-28
B2BP04-29	 B2BP04-30	 B2BP04-29
B2BP04-30	 B2BP04-31	 B2BP04-30
B2BP04-31	 B2BP04-32	 B2BP04-31
B2BP04-32	 B2BP04-33	 B2BP04-32
B2BP04-33	 B2BP04-34	 B2BP04-33
B2BP04-34	 B2BP04-35	 B2BP04-34
B2BP04-35	 B2BP04-36	 B2BP04-35
B2BP04-36	 B2BP04-37	 B2BP04-36
B2BP04-37	 B2BP04-38	 B2BP04-37
B2BP04-38	 B2BP04-39	 B2BP04-38
B2BP04-39	 B2BP04-40	 B2BP04-39
B2BP04-40	 B2BP04-41	 B2BP04-40
B2BP04-41	 B2BP04-42	 B2BP04-41
B2BP04-42	 B2BP04-43	 B2BP04-42
B2BP04-43	 B2BP04-44	 B2BP04-43
B2BP05-10	 B2BP05-11	 B2BP05-10
B2BP05-11	 B2BP05-12	 B2BP05-11
B2BP05-12	 B2BP05-13	 B2BP05-12
B2BP05-13	 B2BP05-14	 B2BP05-13
B2BP05-14	 B2BP05-15	 B2BP05-14
B2BP05-15	 B2BP05-16	 B2BP05-15
B2BP05-16	 B2BP05-17	 B2BP05-16
B2BP05-17	 B2BP05-18	 B2BP05-17
B2BP05-18	 B2BP05-19	 B2BP05-18
B2BP05-19	 B2BP05-20	 B2BP05-19
B2BP05-20	 B2BP05-21	 B2BP05-20
B2BP05-21	 B2BP05-22	 B2BP05-21
B2BP05-22	 B2BP05-23	 B2BP05-22
B2BP05-23	 B2BP05-24	 B2BP05-23
B2BP05-24	 B2BP05-25	 B2BP05-24
B2BP05-25	 B2BP05-26	 B2BP05-25
B2BP05-26	 B2BP05-27	 B2BP05-26
B2BP05-27	 B2BP05-28	 B2BP05-27
B2BP05-28	 B2BP05-29	 B2BP05-28
B2BP05-29	 B2BP05-30	 B2BP05-29
B2BP05-30	 B2BP05-31	 B2BP05-30
B2BP05-31	 B2BP05-32	 B2BP05-31
B2BP05-32	 B2BP05-33	 B2BP05-32
B2BP05-33	 B2BP05-34	 B2BP05-33
B2BP05-34	 B2BP05-35	 B2BP05-34
B2BP05-35	 B2BP05-36	 B2BP05-35
B2BP05-36	 B2BP05-37	 B2BP05-36
B2BP06-10	 B2BP06-11	 B2BP06-10
B2BP06-11	 B2BP06-12	 B2BP06-11
B2BP06-12	 B2BP06-13	 B2BP06-12
B2BP06-13	 B2BP06-14	 B2BP06-13
B2BP06-14	 B2BP06-15	 B2BP06-14
B2BP06-15	 B2BP06-16	 B2BP06-15
B2BP06-16	 B2BP06-17	 B2BP06-16
B2BP06-17	 B2BP06-18	 B2BP06-17
B2BP06-18	 B2BP06-19	 B2BP06-18
B2BP06-19	 B2BP06-20	 B2BP06-19
B2BP06-20	 B2BP06-21	 B2BP06-20
B2BP06-21	 B2BP06-22	 B2BP06-21
B2BP06-22	 B2BP06-23	 B2BP06-22
B2BP06-23	 B2BP06-24	 B2BP06-23
B2BP06-24	 B2BP06-25	 B2BP06-24
B2BP06-25	 B2BP06-26	 B2BP06-25
B2BP06-26	 B2BP06-27	 B2BP06-26
B2BP06-27	 B2BP06-28	 B2BP06-27
B2BP06-28	 B2BP06-29	 B2BP06-28
B2BP06-29	 B2BP06-30	 B2BP06-29
B2BP06-30	 B2BP06-31	 B2BP06-30
B2BP06-31	 B2BP06-32	 B2BP06-31
B2BP06-32	 B2BP06-33	 B2BP06-32
B2BP06-33	 B2BP06-34	 B2BP06-33
B2BP06-34	 B2BP06-35	 B2BP06-34
B2BP06-35	 S120	 B2BP06-35
B2BP07-10	 B2BP07-11	 B2BP07-10
B2BP07-11	 B2BP07-12	 B2BP07-11
B2BP07-12	 B2BP07-13	 B2BP07-12
B2BP07-13	 B2BP07-14	 B2BP07-13
B2BP07-14	 B2BP07-15	 B2BP07-14
B2BP07-15	 B2BP07-16	 B2BP07-15
B2BP07-16	 B2BP07-17	 B2BP07-16
B2BP07-17	 B2BP07-18	 B2BP07-17
B2BP07-18	 B2BP07-19	 B2BP07-18
B2BP07-19	 B2BP07-20	 B2BP07-19
B2BP07-20	 B2BP07-21	 B2BP07-20
B2BP07-21	 B2BP07-22	 B2BP07-21
B2BP07-22	 B2BP07-23	 B2BP07-22
B2BP07-23	 B2BP07-24	 B2BP07-23
B2BP07-24	 B2BP07-25	 B2BP07-24
B2BP07-25	 B2BP07-26	 B2BP07-25
B2BP07-26	 B2BP07-27	 B2BP07-26
B2BP07-27	 B2BP07-28	 B2BP07-27
B2BP07-28	 B2BP07-29	 B2BP07-28
B2BP07-29	 B2BP07-30	 B2BP07-29
B2BP07-30	 B2BP07-31	 B2BP07-30
B2BP07-31	 B2BP07-32	 B2BP07-31
B2BP07-32	 B2BP07-33	 B2BP07-32
B2BP07-33	 B2BP07-34	 B2BP07-33
B2BP07-34	 B2BP07-35	 B2BP07-34
B2BP07-35	 B2BP07-36	 B2BP07-35
B2BP07-36	 B2BP07-37	 B2BP07-36
B2BP07-37	 B2BP07-38	 B2BP07-37
B2BP07-38	 B2BP07-39	 B2BP07-38
B2BP07-39	 B2BP07-40	 B2BP07-39
B2BP07-40	 B2BP07-41	 B2BP07-40
B2BP07-41	 B2BP07-42	 B2BP07-41
B2BP07-42	 B2BP07-43	 B2BP07-42
B2BP07-43	 B2BP07-44	 B2BP07-43
B2BP07-44	 B2BP07-45	 B2BP07-44
B2BP07-45	 B2BP07-46	 B2BP07-45
B2BP07-46	 B2BP07-47	 B2BP07-46
B2BP07-47	 B2BP07-48	 B2BP07-47
B2BP07-48	 B2BP07-49	 B2BP07-48
B2BP07-49	 B2BP07-50	 B2BP07-49
B2BP07-50	 B2BP07-51	 B2BP07-50
B2BP07-51	 B2BP07-52	 B2BP07-51
B2BP08-10	 B2BP08-11	 B2BP08-10
B2BP08-11	 B2BP08-12	 B2BP08-11
B2BP08-12	 B2BP08-13	 B2BP08-12
B2BP08-13	 B2BP08-14	 B2BP08-13
B2BP08-14	 B2BP08-15	 B2BP08-14
B2BP08-15	 B2BP08-16	 B2BP08-15
B2BP08-16	 B2BP08-17	 B2BP08-16
B2BP08-17	 B2BP08-18	 B2BP08-17
B2BP08-18	 B2BP08-19	 B2BP08-18
B2BP08-19	 B2BP08-20	 B2BP08-19
B2BP08-20	 B2BP08-21	 B2BP08-20
B2BP08-21	 B2BP08-22	 B2BP08-21
B2BP08-22	 B2BP08-23	 B2BP08-22
B2BP08-23	 B2BP08-24	 B2BP08-23
B2BP08-24	 B2BP08-25	 B2BP08-24
B2BP08-25	 B2BP08-26	 B2BP08-25
B2BP08-26	 B2BP08-27	 B2BP08-26
B2BP08-27	 B2BP08-28	 B2BP08-27
B2BP08-28	 B2BP08-29	 B2BP08-28
B2BP08-29	 B2BP08-30	 B2BP08-29
B2BP08-30	 B2BP08-31	 B2BP08-30
B2BP08-31	 B2BP08-32	 B2BP08-31
B2BP08-32	 B2BP08-33	 B2BP08-32
B2BP08-33	 B2BP08-34	 B2BP08-33
B2BP08-34	 B2BP08-35	 B2BP08-34
B2BP08-35	 B2BP08-36	 B2BP08-35
B2BP08-36	 B2BP08-37	 B2BP08-36
B2BP08-37	 B2BP08-38	 B2BP08-37
B2BP08-38	 B2BP08-39	 B2BP08-38
B2BP08-39	 B2BP08-40	 B2BP08-39
B2BP08-40	 B2BP08-41	 B2BP08-40
B2BP08-41	 B2BP08-42	 B2BP08-41
B2BP09-10	 B2BP09-11	 B2BP09-10
B2BP09-11	 B2BP09-12	 B2BP09-11
B2BP09-12	 B2BP09-13	 B2BP09-12
B2BP09-13	 B2BP09-14	 B2BP09-13
B2BP09-14	 B2BP09-15	 B2BP09-14
B2BP09-15	 B2BP09-16	 B2BP09-15
B2BP09-16	 B2BP09-17	 B2BP09-16
B2BP09-17	 B2BP09-18	 B2BP09-17
B2BP09-18	 B2BP09-19	 B2BP09-18
B2BP09-19	 B2BP09-20	 B2BP09-19
B2BP09-20	 B2BP09-21	 B2BP09-20
B2BP09-21	 B2BP09-22	 B2BP09-21
B2BP09-22	 B2BP09-23	 B2BP09-22
B2BP09-23	 B2BP09-24	 B2BP09-23
B2BP09-24	 B2BP09-25	 B2BP09-24
B2BP09-25	 B2BP09-26	 B2BP09-25
B2BP09-26	 B2BP09-27	 B2BP09-26
B2BP09-27	 B2BP09-28	 B2BP09-27
B2BP09-28	 B2BP09-29	 B2BP09-28
B2BP09-29	 B2BP09-30	 B2BP09-29
B2BP09-30	 B2BP09-31	 B2BP09-30
B2BP09-31	 B2BP09-32	 B2BP09-31
B2BP09-32	 B2BP09-33	 B2BP09-32
B2BP09-33	 B2BP09-34	 B2BP09-33
B2BP09-34	 B2BP09-35	 B2BP09-34
B2BP09-35	 B2BP09-36	 B2BP09-35
B2BP09-36	 B2BP09-37	 B2BP09-36
B2BP10-10	 B2BP10-11	 B2BP10-10
B2BP10-11	 B2BP10-12	 B2BP10-11
B2BP10-12	 B2BP10-13	 B2BP10-12
B2BP10-13	 B2BP10-14	 B2BP10-13
B2BP10-14	 B2BP10-15	 B2BP10-14
B2BP10-15	 B2BP10-16	 B2BP10-15
B2BP10-16	 B2BP10-17	 B2BP10-16
B2BP10-17	 B2BP10-18	 B2BP10-17
B2BP10-18	 B2BP10-19	 B2BP10-18
B2BP10-19	 B2BP10-20	 B2BP10-19
B2BP10-20	 B2BP10-21	 B2BP10-20
B2BP10-21	 B2BP10-22	 B2BP10-21
B2BP10-22	 B2BP10-23	 B2BP10-22
B2BP10-23	 B2BP10-24	 B2BP10-23
B2BP10-24	 B2BP10-25	 B2BP10-24
B2BP10-25	 B2BP10-26	 B2BP10-25
B2BP10-26	 B2BP10-27	 B2BP10-26
B2BP10-27	 B2BP10-28	 B2BP10-27
B2BP10-28	 B2BP10-29	 B2BP10-28
B2BP10-29	 B2BP10-30	 B2BP10-29
B2BP10-30	 B2BP10-31	 B2BP10-30
B2BP10-31	 B2BP10-32	 B2BP10-31
B2BP10-32	 B2BP10-33	 B2BP10-32
B2BP10-33	 B2BP10-34	 B2BP10-33
B2BP10-34	 B2BP10-35	 B2BP10-34
B2BP11-10	 B2BP11-11	 B2BP11-10
B2BP11-11	 B2BP11-12	 B2BP11-11
B2BP11-12	 B2BP11-13	 B2BP11-12
B2BP11-13	 B2BP11-14	 B2BP11-13
B2BP11-14	 B2BP11-15	 B2BP11-14
B2BP11-15	 B2BP11-16	 B2BP11-15
B2BP11-16	 B2BP11-17	 B2BP11-16
B2BP11-17	 B2BP11-18	 B2BP11-17
B2BP11-18	 B2BP11-19	 B2BP11-18
B2BP11-19	 B2BP11-20	 B2BP11-19
B2BP11-20	 B2BP11-21	 B2BP11-20
B2BP11-21	 B2BP11-22	 B2BP11-21
B2BP11-22	 B2BP11-23	 B2BP11-22
B2BP11-23	 B2BP11-24	 B2BP11-23
B2BP11-24	 B2BP11-25	 B2BP11-24
B2BP11-25	 B2BP11-26	 B2BP11-25
B2BP11-26	 B2BP11-27	 B2BP11-26
B2BP11-27	 B2BP11-28	 B2BP11-27
B2BP11-28	 B2BP11-29	 B2BP11-28
B2BP11-29	 B2BP11-30	 B2BP11-29
B2BP11-30	 B2BP11-31	 B2BP11-30
B2BP12-10	 B2BP12-11	 B2BP12-10
B2BP12-11	 B2BP12-12	 B2BP12-11
B2BP12-12	 B2BP12-13	 B2BP12-12
B2BP12-13	 B2BP12-14	 B2BP12-13
B2BP12-14	 B2BP12-15	 B2BP12-14
B2BP12-15	 B2BP12-16	 B2BP12-15
B2BP12-16	 B2BP12-17	 B2BP12-16
B2BP12-17	 B2BP12-18	 B2BP12-17
B2BP12-18	 B2BP12-19	 B2BP12-18
B2BP12-19	 B2BP12-20	 B2BP12-19
B2BP12-20	 B2BP12-21	 B2BP12-20
B2BP12-21	 B2BP12-22	 B2BP12-21
B2BP12-22	 B2BP12-23	 B2BP12-22
B2BP12-23	 B2BP12-24	 B2BP12-23
B2BP12-24	 B2BP12-25	 B2BP12-24
B2BP12-25	 B2BP12-26	 B2BP12-25
B2BP12-26	 B2BP12-27	 B2BP12-26
B2BP12-27	 B2BP12-28	 B2BP12-27
B2BP12-28	 B2BP12-29	 B2BP12-28
B2BP12-29	 B2BP12-30	 B2BP12-29
B2BP12-30	 B2BP12-31	 B2BP12-30
B2BP12-31	 B2BP12-32	 B2BP12-31
B2BP12-32	 B2BP12-33	 B2BP12-32
B2BP12-33	 B2BP12-34	 B2BP12-33
B2BP12-34	 B2BP12-35	 B2BP12-34
B2BP12-35	 B2BP12-36	 B2BP12-35
B2BP12-36	 B2BP12-37	 B2BP12-36
B2BP12-37	 B2BP12-38	 B2BP12-37
B2BP12-38	 B2BP12-39	 B2BP12-38
B2BP13-10	 B2BP13-11	 B2BP13-10
B2BP13-11	 B2BP13-12	 B2BP13-11
B2BP13-12	 B2BP13-13	 B2BP13-12
B2BP13-13	 B2BP13-14	 B2BP13-13
B2BP13-14	 B2BP13-15	 B2BP13-14
B2BP13-15	 B2BP13-16	 B2BP13-15
B2BP13-16	 B2BP13-17	 B2BP13-16
B2BP13-17	 B2BP13-18	 B2BP13-17
B2BP13-18	 B2BP13-19	 B2BP13-18
B2BP13-19	 B2BP13-20	 B2BP13-19
B2BP13-20	 B2BP13-21	 B2BP13-20
B2BP13-21	 B2BP13-22	 B2BP13-21
B2BP13-22	 B2BP13-23	 B2BP13-22
B2BP13-23	 B2BP13-24	 B2BP13-23
B2BP13-24	 B2BP13-25	 B2BP13-24
B2BP13-25	 B2BP13-26	 B2BP13-25
B2BP13-26	 B2BP13-27	 B2BP13-26
B2BP13-27	 B2BP13-28	 B2BP13-27
B2BP13-28	 B2BP13-29	 B2BP13-28
B2BP13-29	 B2BP13-30	 B2BP13-29
B2BP13-30	 B2BP13-31	 B2BP13-30
B2BP13-31	 B2BP13-32	 B2BP13-31
B2BP13-32	 B2BP13-33	 B2BP13-32
B2BP13-33	 B2BP13-34	 B2BP13-33
B2BP13-34	 B2BP13-35	 B2BP13-34
B2BP13-35	 B2BP13-36	 B2BP13-35
B2BP13-36	 B2BP13-37	 B2BP13-36
B2BP13-37	 B2BP13-38	 B2BP13-37
B2BP14-10	 B2BP14-11	 B2BP14-10
B2BP14-11	 B2BP14-12	 B2BP14-11
B2BP14-12	 B2BP14-13	 B2BP14-12
B2BP14-13	 B2BP14-14	 B2BP14-13
B2BP14-14	 B2BP14-15	 B2BP14-14
B2BP14-15	 B2BP14-16	 B2BP14-15
B2BP14-16	 B2BP14-17	 B2BP14-16
B2BP14-17	 B2BP14-18	 B2BP14-17
B2BP14-18	 B2BP14-19	 B2BP14-18
B2BP14-19	 B2BP14-20	 B2BP14-19
B2BP14-20	 B2BP14-21	 B2BP14-20
B2BP14-21	 B2BP14-22	 B2BP14-21
B2BP14-22	 B2BP14-23	 B2BP14-22
B2BP14-23	 B2BP14-24	 B2BP14-23
B2BP14-24	 B2BP14-25	 B2BP14-24
B2BP14-25	 B2BP14-26	 B2BP14-25
B2BP14-26	 B2BP14-27	 B2BP14-26
B2BP14-27	 B2BP14-28	 B2BP14-27
B2BP14-28	 B2BP14-29	 B2BP14-28
B2BP14-29	 B2BP14-30	 B2BP14-29
B2BP14-30	 B2BP14-31	 B2BP14-30
B2BP14-31	 B2BP14-32	 B2BP14-31
B2BP15-10	 B2BP15-11	 B2BP15-10
B2BP15-11	 B2BP15-12	 B2BP15-11
B2BP15-12	 B2BP15-13	 B2BP15-12
B2BP15-13	 B2BP15-14	 B2BP15-13
B2BP15-14	 B2BP15-15	 B2BP15-14
B2BP15-15	 B2BP15-16	 B2BP15-15
B2BP15-16	 B2BP15-17	 B2BP15-16
B2BP15-17	 B2BP15-18	 B2BP15-17
B2BP15-18	 B2BP15-19	 B2BP15-18
B2BP15-19	 B2BP15-20	 B2BP15-19
B2BP15-20	 B2BP15-21	 B2BP15-20
B2BP15-21	 B2BP15-22	 B2BP15-21
B2BP15-22	 B2BP15-23	 B2BP15-22
B2BP15-23	 B2BP15-24	 B2BP15-23
B2BP15-24	 B2BP15-25	 B2BP15-24
B2BP15-25	 B2BP15-26	 B2BP15-25
B2BP15-26	 B2BP15-27	 B2BP15-26
B2BP15-27	 B2BP15-28	 B2BP15-27
B2BP15-28	 B2BP15-29	 B2BP15-28
B2BP15-29	 B2BP15-30	 B2BP15-29
B2BP15-30	 B2BP15-31	 B2BP15-30
B2BP15-31	 B2BP15-32	 B2BP15-31
B2BP15-32	 B2BP15-33	 B2BP15-32
B2BP15-33	 B2BP15-34	 B2BP15-33
B2BP15-34	 B2BP15-35	 B2BP15-34
B2BP15-35	 B2BP15-36	 B2BP15-35
B2BP15-36	 B2BP15-37	 B2BP15-36
B2BP16-10	 B2BP16-11	 B2BP16-10
B2BP16-11	 B2BP16-12	 B2BP16-11
B2BP16-12	 B2BP16-13	 B2BP16-12
B2BP16-13	 B2BP16-14	 B2BP16-13
B2BP16-14	 B2BP16-15	 B2BP16-14
B2BP16-15	 B2BP16-16	 B2BP16-15
B2BP16-16	 B2BP16-17	 B2BP16-16
B2BP16-17	 B2BP16-18	 B2BP16-17
B2BP16-18	 B2BP16-19	 B2BP16-18
B2BP16-19	 B2BP16-20	 B2BP16-19
B2BP16-20	 B2BP16-21	 B2BP16-20
B2BP16-21	 B2BP16-22	 B2BP16-21
B2BP16-22	 B2BP16-23	 B2BP16-22
B2BP16-23	 B2BP16-24	 B2BP16-23
B2BP16-24	 B2BP16-25	 B2BP16-24
B2BP16-25	 B2BP16-26	 B2BP16-25
B2BP16-26	 B2BP16-27	 B2BP16-26
B2BP16-27	 B2BP16-28	 B2BP16-27
B2BP16-28	 B2BP16-29	 B2BP16-28
B2BP16-29	 B2BP16-30	 B2BP16-29
B2BP16-30	 B2BP16-31	 B2BP16-30
B2BP16-31	 B2BP16-32	 B2BP16-31
B2BP16-32	 B2BP16-33	 B2BP16-32
B2BP16-33	 B2BP16-34	 B2BP16-33
B2BP16-34	 B2BP16-35	 B2BP16-34
B2BP16-35	 B2BP16-36	 B2BP16-35
B2BP16-36	 B2BP16-37	 B2BP16-36
B2BP16-37	 B2BP16-38	 B2BP16-37
B2BP16-38	 B2BP16-39	 B2BP16-38
B2BP16-39	 B2BP16-40	 B2BP16-39
B2BP16-40	 B2BP16-41	 B2BP16-40
B2BP16-41	 B2BP16-42	 B2BP16-41
B2BP16-42	 B2BP16-43	 B2BP16-42
B2BP16-43	 B2BP16-44	 B2BP16-43
B2BP17-10	 B2BP17-11	 B2BP17-10
B2BP17-11	 B2BP17-12	 B2BP17-11
B2BP17-12	 B2BP17-13	 B2BP17-12
B2BP17-13	 B2BP17-14	 B2BP17-13
B2BP17-14	 B2BP17-15	 B2BP17-14
B2BP17-15	 B2BP17-16	 B2BP17-15
B2BP17-16	 B2BP17-17	 B2BP17-16
B2BP17-17	 B2BP17-18	 B2BP17-17
B2BP17-18	 B2BP17-19	 B2BP17-18
B2BP17-19	 B2BP17-20	 B2BP17-19
B2BP17-20	 B2BP17-21	 B2BP17-20
B2BP17-21	 B2BP17-22	 B2BP17-21
B2BP17-22	 B2BP17-23	 B2BP17-22
B2BP17-23	 B2BP17-24	 B2BP17-23
B2BP17-24	 B2BP17-25	 B2BP17-24
B2BP17-25	 B2BP17-26	 B2BP17-25
B2BP17-26	 B2BP17-27	 B2BP17-26
B2BP17-27	 B2BP17-28	 B2BP17-27
B2BP17-28	 B2BP17-29	 B2BP17-28
B2BP17-29	 B2BP17-30	 B2BP17-29
B2BP17-30	 B2BP17-31	 B2BP17-30
B2BP17-31	 B2BP17-32	 B2BP17-31
B2BP17-32	 B2BP17-33	 B2BP17-32
B2BP17-33	 B2BP17-34	 B2BP17-33
B2BP17-34	 B2BP17-35	 B2BP17-34
B2BP17-35	 B2BP17-36	 B2BP17-35
B2BP18-10	 B2BP18-11	 B2BP18-10
B2BP18-11	 B2BP18-12	 B2BP18-11
B2BP18-12	 B2BP18-13	 B2BP18-12
B2BP18-13	 B2BP18-14	 B2BP18-13
B2BP18-14	 B2BP18-15	 B2BP18-14
B2BP18-15	 B2BP18-16	 B2BP18-15
B2BP18-16	 B2BP18-17	 B2BP18-16
B2BP18-17	 B2BP18-18	 B2BP18-17
B2BP18-18	 B2BP18-19	 B2BP18-18
B2BP18-19	 B2BP18-20	 B2BP18-19
B2BP18-20	 B2BP18-21	 B2BP18-20
B2BP18-21	 B2BP18-22	 B2BP18-21
B2BP18-22	 B2BP18-23	 B2BP18-22
B2BP18-23	 B2BP18-24	 B2BP18-23
B2BP18-24	 B2BP18-25	 B2BP18-24
B2BP18-25	 B2BP18-26	 B2BP18-25
B2BP18-26	 B2BP18-27	 B2BP18-26
B2BP18-27	 B2BP18-28	 B2BP18-27
B2BP18-28	 B2BP18-29	 B2BP18-28
B2BP18-29	 B2BP18-30	 B2BP18-29
B2BP18-30	 B2BP18-31	 B2BP18-30
B2BP18-31	 B2BP18-32	 B2BP18-31
B2BP18-32	 B2BP18-33	 B2BP18-32
B2BP18-33	 B2BP18-34	 B2BP18-33
B2BP19-10	 B2BP19-11	 B2BP19-10
B2BP19-11	 B2BP19-12	 B2BP19-11
B2BP19-12	 B2BP19-13	 B2BP19-12
B2BP19-13	 B2BP19-14	 B2BP19-13
B2BP19-14	 B2BP19-15	 B2BP19-14
B2BP19-15	 B2BP19-16	 B2BP19-15
B2BP19-16	 B2BP19-17	 B2BP19-16
B2BP19-17	 B2BP19-18	 B2BP19-17
B2BP19-18	 B2BP19-19	 B2BP19-18
B2BP19-19	 B2BP19-20	 B2BP19-19
B2BP19-20	 B2BP19-21	 B2BP19-20
B2BP19-21	 B2BP19-22	 B2BP19-21
B2BP19-22	 B2BP19-23	 B2BP19-22
B2BP19-23	 B2BP19-24	 B2BP19-23
B2BP19-24	 B2BP19-25	 B2BP19-24
B2BP19-25	 B2BP19-26	 B2BP19-25
B2BP19-26	 B2BP19-27	 B2BP19-26
B2BP19-27	 B2BP19-28	 B2BP19-27
B2BP19-28	 B2BP19-29	 B2BP19-28
B2BP19-29	 B2BP19-30	 B2BP19-29
B2BP19-30	 B2BP19-31	 B2BP19-30
B2BP19-31	 B2BP19-32	 B2BP19-31
B2BP20-10	 B2BP20-11	 B2BP20-10
B2BP20-11	 B2BP20-12	 B2BP20-11
B2BP20-12	 B2BP20-13	 B2BP20-12
B2BP20-13	 B2BP20-14	 B2BP20-13
B2BP20-14	 B2BP20-15	 B2BP20-14
B2BP20-15	 B2BP20-16	 B2BP20-15
B2BP20-16	 B2BP20-17	 B2BP20-16
B2BP20-17	 B2BP20-18	 B2BP20-17
B2BP20-18	 B2BP20-19	 B2BP20-18
B2BP20-19	 B2BP20-20	 B2BP20-19
B2BP20-20	 B2BP20-21	 B2BP20-20
B2BP20-21	 B2BP20-22	 B2BP20-21
B2BP20-22	 B2BP20-23	 B2BP20-22
B2BP20-23	 B2BP20-24	 B2BP20-23
B2BP20-24	 B2BP20-25	 B2BP20-24
B2BP20-25	 B2BP20-26	 B2BP20-25
B2BP20-26	 B2BP20-27	 B2BP20-26
B2BP20-27	 B2BP20-28	 B2BP20-27
B2BP20-28	 B2BP20-29	 B2BP20-28
B2BP20-29	 B2BP20-30	 B2BP20-29
B2BP20-30	 B2BP20-31	 B2BP20-30
B2BP20-31	 B2BP20-32	 B2BP20-31
B2BP20-32	 B2BP20-33	 B2BP20-32
B2BP20-33	 B2BP20-34	 B2BP20-33
B2BP20-34	 B2BP20-35	 B2BP20-34
B2BP20-35	 B2BP20-36	 B2BP20-35
B2BP20-36	 B2BP20-37	 B2BP20-36
B2BP20-37	 B2BP20-38	 B2BP20-37
